531 16
</s> -0.05936 0.084349 -0.5263 -0.24818 0.71362 -0.81305 0.0096448 -0.12421 0.40048 0.085743 -0.61375 -0.59694 -0.174 -0.21836 -0.44996 0.2274 
UNK 0.4349 0.28858 -0.61701 -0.43447 0.91596 -1.0852 0.21847 -0.11375 0.3766 -0.16006 0.09044 -0.31628 0.27388 -0.25292 -0.63911 0.34051 
1(N01) 0.88857 0.34023 -1.6026 -0.68938 0.73786 -1.8489 -0.43167 1.2404 0.34908 -0.43166 -0.48472 -1.3733 -0.056991 0.2639 -0.2566 -0.50764 
2(N01) 0.34824 0.066445 -1.0061 -0.50207 0.48682 -1.1502 -0.21296 -0.054262 0.37058 -0.156 -0.89982 -1.0821 -0.19188 0.077451 0.023433 -0.002461 
1(N14) 0.089594 -0.52004 -0.82744 -0.30339 1.1061 -0.7677 -0.066729 -0.45438 -0.049198 0.71024 -0.62559 -0.54466 -0.61291 -0.13772 0.010956 0.87439 
M288 -0.38211 0.25862 -0.19676 -1.4315 1.2699 -1.6194 0.57081 -1.0464 0.09452 -0.12522 -0.25882 0.92126 0.59375 -1.4912 -1.0744 -0.10514 
3(N01) 0.018658 -0.30316 -1.0707 -0.98363 1.1066 -1.2558 -0.05025 -0.93612 0.39553 0.098596 -0.98671 -0.53475 -0.70554 -0.89612 -0.0029801 -0.18052 
M388 2.3157 0.33024 -1.913 -1.4153 2.5462 -2.8805 0.47549 0.35414 0.24955 -0.76161 1.3406 -0.22053 -0.084124 0.36654 -0.44063 0.62538 
1(N24) -1.2634 1.9424 2.3372 -0.093512 0.14392 -0.073395 0.83646 -0.65483 1.4335 0.39739 0.32538 0.13152 0.50496 -1.8353 -3.5311 -0.9127 
M218 3.3848 0.93058 -2.5483 -1.418 1.2278 -3.5589 -0.13838 1.2976 -0.34361 -1.2424 0.74432 -0.085918 0.7842 -0.67774 -0.068509 -0.4039 
M387 1.889 1.667 -0.0079984 -0.62592 0.44765 -1.0258 0.054802 -0.51332 0.79749 -1.0977 0.63415 -0.90923 -0.54847 -0.17792 -0.71944 0.17857 
4(N01) -0.57649 -0.20776 -0.32909 -0.15967 0.66938 -0.78864 -0.42545 -0.53889 0.87382 0.91474 -1.4268 -0.40316 -0.15556 -0.73801 0.036627 0.44014 
1(N39B) -1.1754 1.6624 1.1611 -0.36321 -0.26633 -1.2349 -0.29152 0.35626 0.17837 -0.4719 -0.63492 -0.2374 0.34953 -1.6364 -3.3812 0.48206 
2(N39B) -0.4527 0.69974 1.1362 -0.86168 0.30564 0.027188 0.33768 -0.77771 1.1968 0.7293 -0.16216 0.21274 1.1017 -1.9292 -3.3918 -0.90629 
5(N01) -1.0862 -0.99662 -0.76099 -1.2876 1.3554 0.43997 0.39455 -0.12424 0.56619 1.4415 -1.0281 -0.80107 -1.012 -0.15649 -0.62615 1.3432 
M297 0.68655 2.2458 1.2225 -0.11499 1.2297 -0.91413 0.73942 0.25937 -0.13287 0.22484 0.16788 0.1568 1.6457 -1.1794 -2.2746 0.2865 
M263 3.196 1.1515 -2.606 -1.2612 1.4329 -2.3931 0.51824 1.9204 0.56496 -1.2651 0.90702 -0.56761 1.3485 -0.19514 -0.21027 0.12297 
2(N14) 0.060983 -0.31532 0.0069441 -0.22304 1.2257 -0.98808 -0.21384 -1.4822 0.37386 1.0817 -1.6118 0.19762 -1.0933 -1.0327 0.11005 0.019263 
M157 -0.16172 0.91701 -0.27469 -0.94008 0.89401 -0.41811 0.35003 0.6179 -1.9945 -0.19833 -2.2003 0.80127 1.2622 -0.56878 0.61844 0.9526 
M371 2.1231 1.3052 -2.238 -1.0955 2.4766 -2.9879 0.062275 2.1954 -1.6461 -1.2497 2.967 -0.85215 -1.7395 0.6729 0.48927 1.4238 
1(N30C) -1.1294 2.7085 2.7655 -0.0068197 -0.48001 -0.0064537 0.99759 -0.41103 1.4101 0.046009 -0.30833 -0.2068 -0.47627 -2.2545 -4.2095 -0.44978 
M124 1.7059 0.92038 -2.28 -0.35977 1.7316 -3.5013 -0.82679 3.534 -0.90889 -2.4001 0.41759 0.7101 -0.1922 0.57979 -0.58491 -0.15084 
M054 -1.3429 -1.2852 -1.563 -1.6171 2.6663 1.0855 1.2655 0.40743 0.26604 0.0094442 1.0885 -0.69199 -1.213 1.9045 0.57973 -0.50801 
M346 0.89383 -0.85331 -1.2678 1.8254 1.1923 0.22391 0.61688 -0.71143 1.317 -0.21363 -0.23377 0.7499 0.1282 -0.012644 0.63401 1.4794 
M066 3.9784 0.62839 -2.2826 -1.3088 0.74682 -3.7039 -0.72948 1.1493 1.4971 -0.20224 1.3705 -0.63095 1.2604 0.21058 -0.12166 0.27214 
2(N30C) -1.4367 2.397 2.4036 0.74333 -0.6721 -0.11848 0.86799 -0.91728 1.8275 -0.20537 0.63972 -0.34244 -0.97178 -2.5674 -3.7633 -0.51543 
M009 2.0353 1.4592 -0.97535 1.5421 0.11094 -2.0506 -0.50024 2.6678 -1.4018 -0.23363 1.0101 -0.85562 -1.1313 0.94555 0.95105 1.2891 
3(N39B) -1.2561 2.366 1.5983 -0.87307 0.36816 -0.34311 1.1692 -0.90123 0.46088 -0.54918 0.28649 -0.30595 -0.11522 -1.4031 -1.5586 0.072234 
M096 0.86226 0.27877 -3.2173 -1.9796 1.2925 -4.607 0.63969 1.6741 -0.23351 -1.0327 2.9532 -1.0506 0.8149 -0.40837 -0.67413 -1.0439 
6(N01) -0.44314 -1.4321 -1.087 -0.24493 1.0851 -0.54698 -0.43775 -1.0897 -0.33634 2.3996 -1.5031 -2.0991 -1.4648 0.51071 0.92031 1.3339 
M376 -0.086286 0.24074 -0.21561 -0.3802 4.0278 -1.2306 -1.0478 1.4241 -4.4718 -0.35203 0.31675 0.26379 -0.74122 3.34 1.2625 0.15114 
1(N34) -0.67178 0.15746 1.2174 -1.7078 0.86076 -0.28328 0.65908 -4.2147 -0.77735 0.2674 -2.0662 0.66054 -1.6342 -1.3356 -0.13995 1.5008 
1(N30D) -3.1554 2.5089 3.305 -0.25803 -1.1854 0.58589 0.63853 -0.85001 2.0328 -0.17595 -0.19799 -0.5213 -1.1078 -2.4457 -4.435 -2.1165 
3(N14) -0.56466 -1.0711 -0.47262 -0.57899 1.5204 -1.1882 0.46777 -1.6663 -0.077139 0.17237 -1.679 0.27109 -0.56832 0.47528 -0.29069 0.67874 
M057 2.4839 0.66762 -1.9784 -1.0731 1.2165 -3.2812 0.7417 0.48743 1.3522 -0.65969 1.2436 0.19278 0.61378 -0.32338 -0.075612 1.6247 
4(N14) -0.88384 -2.1991 0.47985 0.50893 0.92314 -0.4014 -0.47368 -2.9928 -0.49011 1.395 -1.7363 0.99953 -1.9098 -0.29218 -1.0447 0.65205 
M367 -1.8829 -3.6063 -2.1636 3.5064 0.075196 0.0036828 0.88374 -1.402 2.9869 0.14037 1.4534 0.98316 -1.6127 1.2237 2.0505 -2.005 
M001 1.7979 0.5864 -0.39127 2.0729 1.9603 -1.0358 0.77039 -1.6442 0.05538 -1.7037 0.45013 0.91426 -0.3614 -0.035955 0.15179 -0.017865 
M305 0.80521 0.91347 -0.90819 0.13117 0.5747 -2.9323 0.48804 -0.079369 2.2773 -1.4388 0.39281 0.22937 1.566 -0.38413 -0.37356 -2.5169 
M036 1.0409 2.8521 1.8429 1.3982 -0.41961 2.5243 1.7738 -0.072266 -0.49259 0.46231 0.1686 -0.43221 0.93928 -2.1479 -3.3982 4.4265 
M032 1.2704 0.64047 -1.7259 -2.0449 1.7935 -2.2204 -0.80844 2.025 -2.5771 0.44001 -2.699 1.0651 1.6904 -1.4247 0.95213 -0.17198 
M370 1.3324 0.050372 -0.74504 0.88318 0.63961 -0.44242 -1.6346 2.7738 -2.1601 0.072484 -0.62626 -1.6422 1.3829 3.9678 0.49653 -1.1597 
1(N45) -4.1239 -0.12743 1.7198 -2.7491 1.5136 -1.4572 1.24 -3.4747 -1.7075 1.8392 -1.6503 1.6838 0.45106 -2.5267 -0.9906 0.050301 
8(N01) -0.080429 -0.42589 -1.4885 -0.1804 0.07049 0.27889 1.1371 -1.1295 -1.3409 1.0031 -4.8255 -1.2502 -0.98548 0.27399 4.2485 -0.4174 
7(N01) -0.92325 -1.723 -2.3528 -0.0011636 3.4408 -0.70618 -0.068904 -1.0474 -1.0579 -0.022948 0.25897 -0.89081 -2.0866 0.68337 1.6519 -0.11632 
M004 3.2813 0.84425 -3.2595 0.085919 -0.31499 -6.2996 0.28497 1.9959 -0.37185 -0.63095 0.71337 0.074808 1.0973 0.6204 2.773 1.1469 
M003 1.9273 -0.32067 -3.6055 0.28014 2.2819 0.84703 1.5582 1.8003 1.5589 -2.8578 1.5952 0.34545 -0.072097 0.39518 0.75601 -1.217 
M377 0.34726 0.073745 -2.2675 -2.5089 -1.0265 -3.9546 -0.74866 0.95171 0.051728 -2.2374 1.5637 -0.83387 -0.52477 0.029718 -1.7663 0.91527 
M354 -2.2194 -1.8788 -0.40263 0.85094 -0.5824 3.8429 -0.58302 -3.908 0.55185 -2.4778 0.76955 0.16707 -1.8544 0.19324 -1.1386 5.3656 
4(N39B) 0.74411 3.0341 2.5079 0.33493 -0.22747 -1.1762 0.86709 -1.4289 0.18959 -1.3267 -1.1142 1.0198 -0.28238 -1.7426 -1.7385 -2.759 
5(N14) -1.029 -1.2846 0.1178 -1.3376 2.1598 -0.26355 1.556 -2.2453 0.084427 1.6905 -1.535 0.38894 -0.138 0.29946 -0.29705 -0.023114 
M352 1.673 1.7542 -1.4851 -1.2591 1.1635 -3.7841 0.32793 0.29849 1.7655 -1.7921 1.8692 0.12363 1.5734 0.2072 1.0735 0.29821 
M072 -3.2156 0.13075 2.0876 0.25491 2.5948 -0.94254 0.036467 1.4941 0.68446 0.74916 2.8031 0.73737 -2.6234 5.1959 0.59175 2.0513 
M036+1(N30D) -0.86064 -0.87815 0.72051 1.3258 -0.96697 1.8586 -1.0911 -4.5554 0.03393 0.3115 3.7271 -2.3902 -2.2897 -0.099903 -1.4157 3.1003 
M269 3.7247 1.1109 3.1488 2.0216 0.80946 3.2552 1.8743 -0.13621 -3.8536 2.5371 -3.3088 1.1474 -0.79857 1.9987 -0.57155 -1.9818 
M136 0.22373 -1.4397 -2.2758 0.94372 -2.0337 -0.17957 0.55038 -0.43775 -1.6783 -1.6218 -1.0184 0.49335 -2.2563 -2.8031 -1.7809 -0.065833 
M206 0.72389 -2.5055 -0.46067 -0.69046 2.6735 -0.9784 -1.8985 -4.6949 -0.8636 0.0064916 2.1821 1.1587 -0.3313 0.87574 0.066033 -0.31503 
M219 1.9794 1.2447 -1.7093 -1.5983 1.5667 -1.527 1.6409 2.9806 1.9127 -1.0873 1.3382 1.427 0.55145 -0.3953 -0.31918 -0.93854 
M056 -2.9994 0.5171 1.3448 -0.59918 4.2284 0.10291 0.42188 -4.0908 -0.019925 -2.3083 0.19686 4.4165 1.692 -2.3444 -0.34318 -0.73702 
M347 2.2237 0.69964 -3.1416 -4.8715 -0.64919 -2.1005 -0.5659 0.033983 -1.4393 -3.3973 2.5896 -1.1886 -0.443 -0.16896 -0.54154 2.014 
M048 1.3852 3.6992 -1.3379 -2.0436 1.2112 -2.7231 1.6832 4.5384 0.53291 0.67861 3.1563 -1.3521 0.77125 -1.3787 0.53463 -0.72907 
M038 2.4635 2.6602 2.6374 -0.28741 -0.76656 -3.5325 -2.1229 0.78991 -1.2778 2.0386 -3.1134 2.842 -2.4876 -2.4145 1.219 -2.5311 
M059 -3.562 -0.36888 0.84481 0.56548 1.6313 -1.2646 -2.3932 -0.91301 0.97454 1.2118 -0.080527 1.7145 -1.2892 -1.8073 1.5227 -1.8231 
6(N14) -2.3445 -2.2836 0.97617 2.0288 2.1316 -3.0907 0.32003 -2.3793 -0.14809 1.4583 -0.97902 2.5294 2.2088 0.96528 -2.5067 0.67449 
M010 -2.2477 0.93351 1.9277 1.7251 -1.389 -2.4737 1.0606 -0.86224 1.8697 0.63365 1.3334 1.1238 3.2549 0.27899 -2.0399 2.3478 
M386 2.5165 1.4652 -2.6685 -1.7429 0.64463 -3.974 -1.0229 4.9432 -1.0986 -2.7067 1.6306 -0.91685 2.023 1.969 -1.9596 -1.8451 
M373 2.7619 -5.2625 -4.7506 -0.3226 0.77715 1.842 -2.1953 6.2076 -1.7351 1.8415 2.482 0.087994 -1.7253 5.0289 -1.4337 2.5416 
9(N01) -0.21985 -0.94117 -0.52499 0.73703 0.93431 2.0762 1.4605 -1.7277 -2.8067 2.8373 -3.2201 -1.0417 -2.0255 -0.5914 2.9908 0.2204 
M262 3.7487 0.32062 -2.5829 -3.0938 0.66572 -0.10488 2.3806 -0.10839 1.7129 -0.07162 3.7767 -0.69312 -1.9485 -0.55706 0.84607 0.40342 
M102 1.5848 -0.1016 -2.4965 1.8654 -1.913 -2.4841 -3.9247 3.5664 0.8513 -1.0921 1.5076 3.277 2.9801 -0.39077 1.3979 7.8549 
M203 -1.2143 -1.711 -2.808 1.0864 -0.75328 -2.9305 -1.1551 0.14577 0.30333 -2.4056 0.28703 1.9472 -2.4541 0.51991 3.4872 0.61242 
M259 3.6413 2.0145 -3.4444 -0.68485 0.36164 -0.79298 1.7022 3.1677 -0.35346 -2.0766 -0.080829 0.40937 5.436 -1.1342 0.64113 0.71727 
M106 -0.14427 1.4909 2.2678 1.6833 -0.020331 2.3628 2.6549 -0.95553 -1.4486 0.97849 0.031936 1.4528 -0.60874 -1.5191 -0.16203 -3.8742 
M260 -0.052571 2.364 -1.0544 1.8807 -0.7669 -1.1466 1.8714 -0.17514 -2.4404 -1.2988 0.6239 -1.2236 -0.14644 -2.3144 2.2051 -2.0802 
1(N08A) 2.0183 1.3999 1.4355 -1.9476 5.0962 -2.3187 -0.55415 2.0465 -5.0905 -1.6142 0.56284 2.2202 0.74052 6.2899 0.16815 -2.4371 
M240 1.408 0.49483 -3.2777 -3.6904 0.26981 -3.1837 -0.74123 7.0676 -0.95412 -1.542 2.227 1.3806 0.73096 -0.61883 -2.9963 -2.8357 
M005 0.07002 0.60528 -0.18558 -5.5075 0.71351 0.12149 -0.38778 2.3036 -0.16525 3.1094 -2.7348 1.7403 0.68266 -0.94781 2.4742 0.81276 
M149 2.0579 0.16382 -0.99779 -2.1337 2.8188 0.49275 -2.6304 0.46162 -3.6296 -2.1991 -0.14446 0.69293 -0.80412 2.3126 1.1249 1.6097 
M024 3.1575 2.4837 -0.89826 1.0476 2.7375 -4.3191 1.0292 1.8807 -1.5433 -1.4554 3.3552 0.12234 -1.0281 0.7959 -0.26915 0.45087 
2(N45) -5.2771 0.726 0.51939 -5.0813 -0.055119 -0.74921 0.17568 -3.3752 -2.2787 -0.74516 -2.0034 0.96655 3.8129 -2.9964 -0.065306 -0.16051 
M317 -0.35612 -1.3855 -2.6824 2.4579 2.0175 -1.3443 -0.4242 1.2835 -0.8487 0.55188 4.4458 -0.30815 -1.5011 -0.89642 -0.072782 1.1514 
M295 2.467 2.4 -2.0637 -1.666 3.0053 -2.4793 0.6986 -0.86008 -5.276 -1.7597 3.7867 -1.4265 5.4003 -0.52793 0.48611 -2.1883 
M111 0.29103 0.9551 -1.2625 -1.3244 -2.1696 -0.48909 -2.2461 -1.3167 -0.59564 -1.347 2.9106 -3.4733 -0.098367 -0.46153 -0.44827 3.5954 
M243 -0.93997 2.7855 1.3341 -0.50014 1.036 -4.1032 0.74406 2.6923 0.014189 -0.90552 -0.3284 0.66233 2.1279 1.1019 -2.5584 -0.012562 
M153 1.0993 -2.9307 -2.3698 -0.88953 2.4184 1.0477 -0.25064 -0.50007 0.57165 3.9655 1.8496 -0.65174 1.1266 -0.89283 -0.22385 0.27067 
M365 -3.2428 -0.3609 -1.1185 0.9529 -0.14692 1.5262 -0.24154 0.89146 -0.69774 -3.6772 -0.37854 0.37668 0.21816 0.86868 -0.9905 1.6135 
M304 -0.079186 0.86478 -0.10595 -1.1836 0.24976 1.8649 -0.71851 0.63317 4.1872 -1.4074 -0.8824 0.37255 1.0842 -0.57301 -1.0683 -0.22827 
M264 3.538 4.4337 1.573 3.8009 0.73776 1.7873 0.4954 0.064962 -1.2486 -4.2418 -2.5138 1.468 -1.1152 1.6193 2.8361 2.5932 
M309 -1.3739 0.32081 -3.0821 -2.7602 -2.3243 -0.44028 -0.37827 3.9929 -2.7324 -3.6034 -0.84904 1.3321 0.82948 -0.63982 0.25142 2.0786 
M292 5.1175 0.3119 -3.2987 -7.6946 3.1935 1.7463 4.7547 1.855 -3.1611 2.5335 0.1705 2.2894 -1.4526 -2.9127 1.9645 0.34158 
2(N34) -5.1134 -0.46905 1.3692 -2.5203 1.2975 -2.1893 6.6934 -4.184 -1.7828 3.427 -2.0565 2.3791 1.7737 -1.1141 2.183 -1.5022 
M101 3.4674 -0.7951 -6.1821 -3.7146 2.4919 0.82698 2.3919 1.9301 2.1168 -3.0237 0.88958 2.0601 4.142 0.007799 3.698 0.46231 
M146 1.0979 -0.052023 -3.7002 0.013056 1.0756 -2.1391 1.2953 0.12932 0.14663 -2.464 2.3941 -0.20669 0.84874 -0.71799 1.421 0.095064 
M320 3.1985 2.1115 0.73788 1.2276 1.7853 -2.5771 0.95331 0.1352 0.0080718 -0.97046 1.5858 -0.47209 1.4812 2.5626 -1.621 0.44973 
M145 0.97646 -0.45997 -0.92629 -0.46205 1.3033 -0.96477 -1.922 -2.1548 -3.66 -0.9572 3.5145 0.47489 2.864 -0.6281 -2.2487 3.6846 
M242 1.7895 1.0817 -2.1447 -1.7617 2.3581 -4.6372 -0.522 0.0025227 -1.6021 0.81952 5.453 -1.1144 -0.15806 -1.9823 0.54921 -1.2994 
M362 -7.1806 -5.516 -0.44741 2.2643 -0.093258 3.8744 1.8046 -1.6896 1.3644 -0.33941 -2.5795 3.2681 -5.3709 2.3847 1.0188 -1.0741 
M318 1.8444 1.439 -3.9244 0.93628 -0.10686 -1.1835 0.072703 3.4227 -4.1042 -3.3918 1.9336 -0.36982 -1.6575 -3.251 -0.44902 0.16627 
M380 4.1037 3.6619 -0.58848 -2.1553 -0.77133 -2.7955 1.9741 0.71336 -0.93352 -0.15935 1.1837 -2.4161 -1.5803 0.022716 1.4714 0.84293 
M097 2.9923 2.072 -2.2303 -0.21424 -0.77897 -5.246 1.1539 0.92952 -2.1769 -3.9234 0.01145 0.41563 0.89176 0.87822 1.5823 -1.4594 
M131 3.4576 0.5312 1.089 -3.477 -1.4428 -4.3541 -0.67587 1.1109 0.48797 1.4038 -0.088004 2.5847 -1.7807 1.355 -1.2078 2.048 
M338 2.5098 1.3087 -1.0451 -1.9383 -0.75959 -5.4801 -2.3356 1.965 0.27531 0.95734 3.4877 -0.56392 0.12437 2.519 2.0918 5.4758 
M006 -1.682 -0.50967 0.94101 0.015516 1.8534 1.5908 -2.7947 0.37711 3.5589 -2.2813 0.18109 3.5951 -0.46807 2.5918 0.88206 1.9525 
M002 -2.7577 0.43768 0.85497 2.776 -8.1177 0.8259 1.5128 -1.3897 4.4926 1.814 -1.5524 1.6154 5.5095 -5.8643 -1.571 -1.7137 
M223 3.6876 0.96998 -2.3137 -2.122 2.758 -2.957 -1.6038 -0.26223 -2.0215 -1.0855 4.0702 1.5734 3.5673 -3.3117 -1.8558 -0.030284 
M327 -0.98178 -3.2356 -2.144 -1.365 -1.2322 4.2046 4.2747 -3.6797 1.2771 -1.4771 -2.6942 0.49439 2.9674 2.0597 0.49669 -0.36185 
M254 2.5159 0.26062 -1.0072 -0.89939 0.67568 -0.42874 3.2774 -3.1451 2.7816 -2.4055 4.9699 -0.76026 1.9007 4.4383 0.74918 2.1037 
M210 -2.6822 -3.3413 -2.7873 1.453 -3.2839 0.59473 1.4692 -1.1674 -1.4843 -0.27994 1.7156 -1.4033 -4.987 -1.5754 -0.84502 -0.91333 
M325 1.4315 2.179 0.12575 -4.7634 0.84493 0.56084 0.64575 0.90196 -0.37578 -1.5975 -0.35922 1.352 2.4793 -0.0012179 -0.32759 -0.95479 
M075 -0.59913 -1.1966 0.97096 1.1958 0.39375 1.4412 -3.4139 -0.90106 0.15501 -4.5741 -0.89246 5.2299 3.8337 1.9132 -3.3097 2.0307 
M348 1.6544 -2.9783 -2.7084 -1.645 2.1392 -1.7793 2.8904 -2.3873 -2.2751 0.14537 -0.29917 4.3443 2.0475 -2.5703 -1.1869 -1.9464 
M341 -1.9049 -0.12013 -0.93026 -0.7071 -2.2384 0.86773 1.2486 1.8522 -0.59704 -3.7188 -2.0005 2.1669 -3.6733 -0.2313 -0.28244 -1.2737 
M384 -2.1573 1.6232 3.5429 1.3865 1.2409 3.5292 -1.0967 -1.1066 2.1429 3.7684 1.5144 -0.66503 -1.3425 1.1719 4.6357 -5.8 
M314 2.958 -2.8928 -1.9459 -2.7454 -1.1707 -2.624 -0.8579 1.2325 0.3602 0.64916 0.71163 0.32539 4.2835 4.5708 -2.5791 -1.2039 
M099 4.9252 2.5658 -0.59764 -2.756 -2.1133 -1.3223 -1.1895 0.66696 0.95716 -1.3508 3.4558 -3.3729 1.0597 3.1723 -0.10478 1.7638 
M136+M365 -2.0008 1.2092 -1.436 4.6201 -3.4819 -1.3198 -3.6216 -3.9325 -3.4155 -3.3365 -0.41746 -2.7682 -1.6327 -3.5921 4.0345 -2.4702 
M081 1.0309 1.4076 0.71303 6.042 -3.0924 3.3398 -0.010607 -2.1898 -0.22827 0.16233 -0.18341 -1.6532 -1.7578 -4.2981 -1.2175 1.7072 
M033 4.3192 3.1316 -0.68239 1.7953 -1.7986 -0.12789 1.0708 3.17 -2.7 0.10715 2.3338 -3.3935 -1.5319 -0.82509 -1.2667 -4.0455 
1(N39C) -8.5327 2.759 5.7689 -2.6768 -0.77544 3.0451 -0.78757 -4.9794 -2.8278 1.3295 3.0051 -0.6413 0.45921 -3.9641 -3.5515 -1.598 
7(N14) -2.6359 -0.71864 2.2847 -0.47602 0.8812 -2.6572 0.43555 0.84054 0.82794 3.7098 -2.2963 1.6659 -0.064156 1.93 0.16274 -4.4551 
M217 0.99959 -1.611 -2.8596 0.20922 -2.2954 -5.561 -4.0987 -0.066003 -3.9866 -2.6159 2.4836 1.4124 -1.8456 -2.4199 -1.9548 -0.69964 
M329 2.0291 -1.2796 -5.7469 -1.3928 0.449 -1.3387 -0.92406 1.9153 0.89673 -3.0314 1.762 -0.46382 5.7621 0.42603 -0.090784 3.3109 
N -3.063 2.9297 3.0769 -2.6136 -1.9072 1.6061 -3.8014 -1.1357 4.865 0.26228 0.19559 -0.5495 0.79681 -0.62436 2.1471 -0.014165 
M128 -2.846 -0.50436 -3.3201 -9.3151 -3.3808 -1.6243 0.62142 0.56064 2.5757 -3.8854 5.1147 -0.35785 0.18143 1.7909 0.62304 1.0275 
M139 3.944 0.35589 -2.3087 -3.8846 5.2663 -2.0579 2.3281 2.5771 -1.6015 1.6593 2.0926 5.0711 -1.2443 -4.0079 -1.0607 2.4998 
1(N23) -0.55704 0.48386 -2.1036 1.1658 0.66995 4.1175 -1.4292 -3.8813 1.6194 -1.5089 -1.6711 -1.015 1.4903 -1.7304 8.0992 -2.3423 
M301 4.3404 -1.5175 0.58876 -2.3526 -2.1685 -2.4557 4.2788 -3.7142 0.2421 1.5379 -0.39819 0.15097 3.2164 6.7437 0.15828 1.1716 
M029 1.2317 -1.0493 -2.0378 -1.1887 2.6834 -3.0391 -3.159 0.80916 0.92864 -0.74426 3.1393 1.5423 -0.7576 -1.0637 -0.97874 -2.3576 
8(N14) -1.636 -1.9973 2.459 1.8089 4.2169 1.4605 1.905 -2.5022 -0.42144 3.6392 -1.1656 3.4207 2.0068 0.99351 -1.8063 0.6506 
M265 -3.5839 2.3118 0.96416 0.68724 0.8272 4.5137 -5.1067 0.10579 0.10759 -0.5536 5.1053 -3.1055 4.3142 -0.18032 0.44874 1.2683 
M372 2.0062 -2.0753 -1.2036 -6.4996 -0.24353 -3.0786 -5.2046 -1.1635 0.1216 5.9317 4.5103 -2.3469 -1.4737 0.97114 2.6855 -0.62589 
M332 5.4761 -4.048 -5.5772 -2.4089 -1.6762 -1.9781 3.9987 1.0769 -5.0137 -1.1104 -0.39171 2.0447 -0.36854 2.8578 0.11696 1.9269 
M041 -4.5373 1.4445 0.053321 -2.5304 -0.022444 -3.3094 3.3176 5.8958 2.0826 -2.7249 -2.8167 4.2117 0.34175 1.7725 -0.67342 -3.1647 
M218+M288 3.4813 2.0644 -0.86204 -3.9374 2.129 -1.6622 2.4641 -2.4148 -0.61581 -3.282 0.30467 3.0774 2.5438 -1.7806 -0.3126 -0.39376 
M046 1.2477 2.3485 0.59867 -2.3585 0.63503 3.5203 3.5127 2.1988 5.2248 1.2821 0.74031 -0.026267 -1.1854 5.6149 7.9696 -1.6789 
M327+M342 6.4043 -1.4938 2.289 2.9582 -1.8481 -2.72 0.68338 -2.7671 1.5471 2.3543 2.511 6.3025 -2.2368 -1.3794 -2.7921 -5.6743 
M175 0.52495 0.11927 -3.189 -1.947 -3.0486 1.2938 1.1955 5.8539 5.4988 -3.4938 -2.5632 3.1844 1.0908 -1.4342 -1.6375 0.10433 
M266 -0.053924 5.5797 -0.18348 -0.61579 -1.5986 3.5506 -1.4394 6.7114 2.2955 -1.8861 1.2126 0.21743 -0.43057 -5.8256 -1.3247 1.131 
M051 0.76422 3.408 0.47617 1.559 -0.017103 2.5874 1.7086 3.3254 -2.1933 0.14415 1.7368 -2.1079 -3.8841 -0.90789 1.3026 -5.0389 
1(N30C@B) 1.2357 2.437 3.996 0.23442 -4.8787 4.5163 2.5048 -0.86433 6.4787 2.0654 -0.58874 0.19147 1.3723 -2.4033 -7.3388 4.6727 
M195+M057 6.0068 1.4247 -0.70926 -5.6649 8.8676 2.1519 0.96679 -0.32615 2.6069 4.532 1.7113 5.7169 -0.53203 -4.8276 3.3466 2.2425 
M296 -2.6734 4.2339 0.8475 -0.20662 -0.78062 -2.0524 3.3178 3.6385 2.7621 -0.45825 -0.113 1.6305 -0.13921 0.34051 4.1598 3.3578 
M391 -1.1481 -0.48329 0.099404 -0.86306 4.1436 -0.15741 1.6229 2.3847 -1.4612 -0.90925 1.0444 6.8748 -0.32104 -0.19399 -0.086673 -1.8028 
M390 3.151 -3.028 -5.0554 -3.1772 0.97947 -0.93193 1.3444 3.5752 2.3611 -1.9361 1.4889 2.0057 -0.29814 2.7043 -0.617 0.68775 
M281 5.9552 0.63975 -1.8622 -1.5074 2.0581 -2.8427 -3.2642 1.0319 -0.75031 1.4788 3.923 -1.0288 5.0291 1.4272 0.52474 -2.3891 
M195 2.5754 -2.6448 -1.2913 -5.9983 1.2838 -0.47443 1.876 -2.848 -3.5273 -0.99709 -0.15132 2.6733 -4.5691 -0.13869 -3.4218 0.76604 
M106+M288 0.53488 0.33634 -2.9965 -1.136 2.7401 0.88666 1.6154 -0.43406 1.2385 -1.5097 5.6369 1.1286 5.3012 -3.108 -0.30075 -4.1405 
M246 0.26422 0.032451 -1.5337 -1.259 -2.1278 -0.8574 3.4379 3.0117 -4.1376 -2.8496 0.94292 1.4487 -4.0296 0.85621 -2.3395 1.474 
M147 4.7258 0.36072 -1.4269 -3.2867 5.0783 -5.008 6.4324 2.3978 -2.2844 3.0254 3.1866 3.0211 -4.5761 1.8004 1.241 -0.27864 
M207 0.9261 0.30885 -0.9127 -3.3235 1.1444 -2.4867 1.5033 -1.0504 -3.6093 0.84356 -2.5678 0.5475 -1.4414 -0.56963 2.8105 -2.7301 
M247 -3.3926 -0.70165 1.0151 -4.3644 -6.1324 -4.536 -4.103 0.2045 -4.8573 -1.7229 -0.82275 2.3973 1.0204 2.3541 -0.70083 2.9378 
M105 -2.7598 0.93166 2.455 5.0294 -1.2647 -0.30026 4.7925 -1.9056 -0.49624 2.6238 1.2069 -1.3374 3.0227 4.3001 3.461 -2.5248 
9(N14) -3.0684 -0.88721 1.1134 -1.9674 3.2728 -1.761 2.7999 -3.1233 -1.33 1.3528 -0.88198 2.8349 0.54559 0.50322 0.17188 2.2145 
M351+1(N14) 3.0864 4.3498 1.3139 -3.0968 -1.3788 4.0044 -2.9221 0.58702 -0.76667 1.2494 -0.40843 -2.6455 3.5195 0.56054 4.6923 0.59221 
M250 4.1404 3.4335 -1.2205 -4.9228 0.17001 -2.4167 -0.46913 0.21458 3.4693 -3.2388 2.7507 0.81877 2.5213 -0.30406 1.0559 0.16965 
M383 -2.4383 -0.16983 -1.7851 2.0721 0.91316 2.5385 -0.49678 -0.45377 2.1357 1.0489 0.4523 0.13106 1.2815 -4.8916 1.6719 0.59259 
M122 -0.37043 -4.7786 -1.209 -2.3076 -3.4448 3.8651 -1.3419 -6.6377 -1.2841 -0.38422 4.8948 -1.6475 -2.8786 -0.93574 -3.5692 -3.4902 
M296+M296 6.8963 -2.1495 -1.3709 -1.6888 -1.7388 4.0808 -5.1571 -5.2565 4.8266 0.93973 4.928 -1.6492 1.5651 -0.25523 -0.57292 0.61472 
M321 1.4829 -1.5743 -4.8528 -1.87 -0.24805 2.0098 3.4276 6.6469 -4.6515 1.1481 -3.0006 3.4053 0.035113 -2.8342 0.40547 2.2833 
M374 -4.2635 -0.23802 0.87252 -0.33209 4.58 -3.0667 -1.8649 2.5811 -4.6313 0.25782 2.0243 5.7207 -5.0536 -0.89626 0.41889 2.5014 
M340 -1.3009 -4.6578 -1.2395 -1.7838 -2.3146 5.9278 2.5635 -2.9561 0.23723 1.1643 7.5011 -2.2258 -3.5825 0.73604 -5.4317 -2.9041 
M112 2.2054 1.0325 2.0635 4.086 -4.7208 0.48892 -1.3477 2.1016 -2.3725 2.4973 3.8267 -4.6769 0.34418 4.9491 -2.8222 1.1763 
M103 5.4355 -0.052923 1.6514 -0.47719 -0.84488 -3.7697 -8.2421 -1.5961 0.54946 0.90562 4.0375 0.56721 -1.3225 1.7523 -1.3548 0.046775 
M251 0.72589 -1.1149 -3.1345 -0.11366 4.9143 -2.0059 2.6873 2.2664 -2.0019 -1.0608 4.8794 3.2159 -0.17385 -0.1256 0.02626 -3.3748 
M110 3.8221 0.066981 -3.2342 -3.4451 1.0924 -0.030675 6.3619 1.0927 -3.2866 -5.5641 3.9182 2.1165 -3.945 1.6762 -2.3922 -1.7033 
M228 4.4057 -1.3015 -1.8287 -2.4553 -0.23587 2.8547 -1.742 1.7601 3.5618 -2.2759 0.67668 2.8281 -2.1366 0.57344 -2.8515 5.2908 
M230 0.68276 -0.88102 -3.8077 -0.69305 2.6897 -2.2799 2.7312 3.9392 -4.259 2.3234 7.0214 -1.0237 2.2081 -0.87593 -2.563 -1.281 
M417 1.5336 -3.1624 -2.5987 5.1873 2.1701 0.054496 -2.9649 -1.111 2.5739 -0.38633 3.6402 1.3791 1.9667 2.37 2.3053 0.59354 
M131+M388 1.9306 -4.0252 -8.49 -4.777 2.1936 -1.8813 3.3554 4.6089 -5.3137 2.1827 7.0478 2.6279 0.95221 -5.615 -1.401 -1.4066 
M049 3.4599 0.54837 -1.1478 -0.29291 2.5749 -6.8618 -0.31963 1.4457 0.85491 -0.0619 5.3039 1.3494 0.49903 3.1603 0.5161 -0.83451 
1(N24@B) -2.9717 2.7361 3.6004 2.5775 0.26058 1.3939 4.018 0.36654 3.7978 7.4426 2.7851 1.1316 1.7063 -8.4591 -7.9304 6.1833 
M248 1.178 4.6326 0.67716 0.88788 -6.0261 -2.4287 3.8835 -0.069844 -0.62528 -3.1609 0.43553 0.77266 -2.562 -5.2688 -2.4997 2.5807 
M039 -7.1106 1.6414 0.032311 -3.6968 -0.60031 -1.4888 5.3118 -1.5507 -2.153 -4.0818 -2.247 2.4952 6.3254 1.9408 2.4674 1.2865 
2(N30C@B) 3.9081 6.8645 6.8901 -1.9297 -2.9945 0.72594 0.050627 0.43743 1.9271 5.917 -2.3858 0.10597 -2.1579 -5.071 -2.6846 -0.84267 
M305+M342 8.312 3.4559 0.82877 2.649 -1.4983 4.1244 -1.3236 -0.53631 -0.43654 -1.6122 -1.0896 -0.44755 -0.68285 1.8509 3.3548 2.8067 
M305+UNK -4.4392 1.0741 -1.7212 -1.7158 -2.5079 -1.7854 4.5292 6.6344 4.4268 1.6776 3.0859 0.41051 -3.5671 0.56188 2.9968 0.79149 
M125 5.8366 1.1296 -0.16106 3.2269 -2.4262 0.16928 -5.0899 5.0444 -2.3109 0.38944 -2.5244 -0.93443 -2.4689 1.5061 -0.84622 -1.4253 
M302 -1.2871 2.2575 0.32254 -0.46921 -0.61919 0.84251 -2.5933 -0.036238 0.89815 -2.8345 0.18789 -0.44625 -1.9472 0.2519 2.505 3.3573 
M050 3.9537 7.2607 7.0963 2.3319 1.698 4.8655 -2.4895 -0.097913 6.4588 -3.2254 3.4788 4.2891 2.2444 -0.14409 -3.2093 -4.5285 
M319 -2.6197 1.8077 -2.2785 -7.0936 -0.71908 -1.1568 2.5282 3.7987 -3.1278 -4.1777 -5.3874 5.9697 5.4857 -5.5223 -2.2901 -2.4976 
M220 3.1581 -1.6667 -0.97908 -1.6871 2.2732 -2.5146 -0.11764 0.26667 2.3163 3.2912 1.5353 2.2614 4.7382 1.4239 0.25151 -3.2946 
M069 1.0753 2.2814 1.0828 3.1394 0.90569 9.2654 -5.615 2.2812 -3.7927 -3.1487 5.2722 -0.16987 0.82401 -1.5801 -3.5945 -0.48028 
M323 -0.075315 -2.2971 -0.067564 -2.3382 -2.2989 0.15298 -6.665 -1.1301 -3.4578 -2.3106 3.9943 -1.4388 -1.9533 3.8153 -3.9692 2.7183 
M379 -2.6984 3.2377 2.7562 1.5189 -6.3944 2.711 -2.6903 1.8973 7.9301 -0.97072 -1.5255 -1.1516 1.631 -1.9659 -1.6739 -4.2269 
1(N14@B) -4.5314 -1.8456 3.2286 1.1254 -3.1037 -1.1279 0.66724 -1.2611 2.186 4.8461 3.4864 -4.5267 -2.4709 7.6529 -2.3916 5.3231 
M261 1.4121 5.0961 0.36521 2.9876 0.55083 7.6717 -2.5367 4.0375 -0.84446 -7.4184 -2.62 4.6475 1.864 -1.5141 0.50223 9.2865 
M073 5.8175 -1.7902 -2.0315 -3.0508 -1.6441 1.2436 4.2362 -0.33759 -2.781 2.3292 3.8768 -3.9293 -4.2846 4.6023 -0.59767 -2.6802 
M418 -6.5208 -2.5734 -0.18162 5.7962 0.54896 2.3223 1.9963 -2.4904 -7.0408 -3.3747 0.85572 2.8721 -4.6877 2.4198 3.3625 -2.2482 
M153+M342 3.0084 -5.5038 -3.2241 -2.6475 -0.29637 0.068554 1.0143 -5.402 -0.91644 -2.7819 3.0615 1.7792 1.6408 3.5864 -3.202 0.82671 
M286 -1.386 5.4438 1.9469 2.3918 -1.224 2.8726 -4.6225 -1.7217 0.91734 -6.2356 1.4434 -1.9002 0.99743 -0.84134 2.2583 -0.94906 
M260+1(N24) 2.1987 3.4201 -1.8231 2.0437 -1.5968 -5.6243 0.53181 4.647 -4.0926 -0.22365 2.5006 -1.1098 2.3649 -1.3076 0.89545 -3.7861 
M080 2.6886 -1.7657 -3.5928 5.7717 3.2051 -0.38641 1.7942 3.9015 1.1007 2.7418 1.7565 1.5116 7.8834 -0.83081 -2.814 1.9497 
M278 5.2211 0.19719 -1.1488 1.5788 -3.8839 7.9176 0.30369 -2.3585 -0.040895 -7.2753 -2.2359 2.7618 0.22604 -1.1677 -2.0063 -1.2376 
M205 0.36162 4.7862 2.1423 -3.8403 3.8966 4.4701 -1.1888 4.8904 -3.971 -1.6198 -1.7197 0.98739 -0.87204 1.7784 1.667 -3.2666 
4(N34) -5.9859 -3.8052 -1.1663 -4.0343 -2.1309 0.19526 4.4798 -0.88923 -2.7201 -2.0595 -4.67 4.067 -2.158 0.32689 -2.4425 -1.0928 
M036+1(N14) -3.3353 4.6425 -1.263 0.95748 -2.8954 3.6136 -0.89123 -0.42097 -0.49511 -2.309 4.6036 0.022381 4.2717 -8.0838 2.2509 9.7336 
M327+UNK 0.45338 2.6769 -1.3923 -5.8307 5.0768 4.269 4.3369 0.12788 -8.7673 2.4923 2.5765 0.16847 1.251 -2.7421 4.387 1.6204 
1(N51) -3.1627 -9.6073 -3.6143 2.0704 0.65327 3.3506 -2.3198 -4.0244 1.0478 4.3626 -3.5418 1.0591 -1.1136 2.9783 2.2477 4.2572 
M044 -2.9846 2.3901 4.9608 -2.9197 -5.4053 -5.7915 -2.9449 -3.9258 -0.96817 2.8628 -0.39808 -3.4067 4.2358 3.0834 -0.34064 -3.2579 
M291 0.4642 4.6497 -1.0809 -1.3969 1.9533 4.3504 1.0143 -3.1227 -3.8979 0.95283 4.5858 -6.3326 3.862 0.096621 8.7008 1.6865 
M316 -1.5912 -2.3544 1.1378 0.37684 1.2813 4.032 -1.3964 0.36759 5.746 -1.3314 2.8469 5.3414 2.1367 1.3233 -4.3237 0.65522 
M109 2.8997 5.0232 0.16996 -4.4808 -0.73484 -3.5862 -6.7867 3.1293 3.0762 1.9462 2.6577 2.296 12.689 -0.49829 7.4018 -4.2276 
M136+UNK 0.68329 1.7837 -0.33011 -2.2926 -5.8801 3.8582 -1.6202 -1.297 0.68646 -2.6114 -1.7837 1.1767 -0.51101 -4.5366 2.5155 -2.8997 
M249 3.0194 2.7244 4.6891 -2.9278 -0.4611 -4.8681 -2.6294 -3.7426 -2.4943 3.1923 1.8571 3.4987 1.4358 1.932 1.0913 10.006 
M158 3.1104 -0.98822 -2.2622 -1.2104 -5.7499 0.00080518 4.7863 -2.8509 5.1979 -6.3553 1.4004 3.5605 -3.7071 1.589 1.4694 -2.5851 
M285 0.48846 2.5303 0.98509 -1.1233 0.52259 0.72484 -2.9365 1.3717 -2.8465 -1.895 5.0325 -2.013 0.67002 2.8378 -0.72489 0.50237 
2(N23) -2.9487 -3.1124 -3.2658 2.8204 -4.4327 3.1893 -3.5718 -5.7071 1.9686 -4.718 -3.9369 0.21289 -2.1068 -3.5307 4.3962 -5.2487 
M370+M072 -3.5401 -2.0695 0.95226 1.8228 1.3556 1.7252 -1.4731 2.5977 3.6262 -1.6375 1.5644 6.8611 0.8587 6.732 3.7962 1.5391 
M193 -1.9957 3.4876 -1.0495 2.6024 0.49545 -2.1594 -2.3351 5.0541 -7.9543 -0.069728 -0.12513 -1.6506 7.4607 -0.4987 3.1669 -8.4448 
M328 -1.9366 0.83916 3.3907 5.9531 0.28009 -3.5856 -0.41448 -5.0813 2.5497 -2.3017 3.609 5.7453 -1.1408 -1.502 0.2363 -1.8896 
M369 -2.3881 -1.2059 -3.0349 -0.66179 -1.3708 -0.12165 -1.872 0.098503 4.9772 -2.6863 3.3042 -0.4914 0.47941 2.336 5.4304 -3.6794 
M209 3.2973 0.56358 3.0908 4.0674 -0.63193 0.89118 1.8531 -4.7475 -0.71176 0.2364 2.9565 -1.2634 3.2152 7.0317 1.7513 -6.6734 
M221 4.0531 3.8207 3.5228 -2.1787 0.58278 -1.1636 -7.615 2.7174 -2.2666 2.2306 8.9772 -1.1309 -3.9293 -0.51542 -4.3304 0.45884 
M377+M320+M377 0.54634 -2.7282 -0.82182 1.0076 0.70324 -1.5891 1.5154 1.1576 -2.601 5.9294 -4.8946 6.1288 5.9702 -1.563 1.993 1.4548 
M252 -1.5268 -2.6677 -0.95464 1.6622 -1.3368 3.5485 -1.7731 -3.7941 -0.68833 -2.1886 -0.09245 0.81046 2.6879 1.6092 2.1616 -2.6945 
1(N8B) -4.3962 -0.38298 0.24937 -4.4865 2.3306 3.4506 -2.6233 3.0804 -3.5378 -8.3689 -4.227 7.4352 0.37438 3.4308 -0.4115 -5.2434 
M195+M038 4.3678 -5.9274 -0.4338 -5.889 -2.3228 -1.6134 -1.9659 -10.341 0.063294 5.8245 -2.1415 6.4247 5.2875 -4.9208 -0.55668 -0.94612 
M315 11.338 3.506 5.4685 -0.3495 0.3091 -3.2725 5.6778 -1.3323 -0.65247 -2.7275 4.4949 5.8738 -1.4321 9.2843 -4.2507 -0.9176 
M293 -2.044 2.8842 2.6006 1.8832 0.66253 -0.2464 -0.89816 -4.4434 -2.6987 -1.5167 2.8165 1.5609 4.7256 -4.2358 -0.40075 -7.9501 
1(N01@B) 0.63341 -3.5017 -0.4988 0.97891 -11.276 -0.4357 4.289 -3.9268 1.8605 4.7122 4.826 -2.4029 -7.9847 -3.5164 -4.479 0.84051 
M157+M131 -3.2608 0.16149 1.5885 0.32861 -4.4287 -1.2557 0.029714 3.8516 -5.1153 3.2589 2.6394 -2.4075 -3.3592 5.3474 0.78548 3.7446 
3(N34) -6.2468 -6.8716 2.7138 -0.4088 -5.8275 -2.9024 2.4845 -4.5822 -3.7016 4.2895 -2.242 3.8675 -5.7274 2.8322 -2.5756 -3.8388 
M006@G 0.44166 -3.0637 0.63733 3.66 -0.81823 5.5576 -3.2311 0.70564 0.47925 2.0488 -1.3233 3.6232 1.6782 2.6051 3.0678 -5.6907 
M370+M388 -0.2277 -0.77996 0.96824 -1.1949 -2.1746 3.3549 0.74918 1.7535 -2.4956 2.1647 3.9106 3.8077 2.7608 1.7504 0.94046 -2.819 
1(N39B@B) -0.82917 2.9848 4.6778 -3.6504 -5.8057 -4.6844 2.666 -1.4357 -2.2945 8.6853 0.25076 -1.1816 3.607 -3.6352 -3.3286 -1.774 
M381 6.0811 3.6621 0.0059937 6.162 -1.964 1.56 -4.5258 -0.79202 -2.5475 -1.6646 0.94475 1.2074 3.0692 -4.7074 0.27663 7.7492 
1(N08) 5.473 3.5362 2.7551 2.6984 7.8985 5.8185 0.3774 0.46446 -6.0505 -4.838 3.5981 1.7175 4.378 10.752 0.58233 2.6386 
M324 -2.7736 2.7765 1.6828 -7.8432 3.9669 -2.3174 -0.43587 0.04418 -3.3454 -5.1973 0.1061 5.2086 -4.3327 4.8337 4.1715 5.9818 
M036+1(N30C) 1.3936 7.3517 8.0859 1.3635 1.131 7.6431 2.0675 -3.8978 1.487 0.97613 -2.8347 2.2385 -1.9598 -1.8839 2.6271 0.59641 
M180 8.4593 1.3139 5.0368 2.1731 -3.275 2.7293 2.2667 0.45517 -2.8894 5.638 -3.5895 3.8581 -5.3659 -1.5457 -4.8223 0.70616 
2(N1@B) -6.3717 -2.1581 1.6546 1.7928 1.4603 4.6962 -2.3092 1.2025 0.52946 9.0643 1.8078 0.11942 -4.1023 -3.8625 -0.74712 9.2686 
M277 -2.8553 -3.6771 -2.4141 7.985 -4.2088 -1.1866 -1.9763 0.992 3.5118 -2.4672 2.2792 1.6671 1.735 2.7789 -0.016104 2.1048 
M362+UNK 0.47175 -0.52666 1.3247 1.4556 2.4149 7.2505 0.38486 -0.58756 0.60747 -1.1165 -4.3619 7.3659 -4.0486 -2.2827 2.8077 -5.2143 
M222 6.2462 0.88356 -1.5106 -1.9874 1.6737 5.1109 -0.45084 -1.3862 -4.9577 -2.4 -0.35935 4.3061 4.9769 -5.4885 -2.2922 -4.1571 
M217+M388 3.2629 0.18965 -2.5977 -1.7646 2.4622 -6.4803 -2.7085 -1.7421 3.0347 -8.6583 9.3156 6.0514 -0.10016 3.503 1.1213 0.73783 
2(N51) -3.2382 -5.9106 1.9693 -7.605 -1.4547 9.2589 -2.7685 -0.93194 -0.84782 5.9094 -7.4611 3.9151 -1.5653 3.6766 -0.85091 9.8544 
M218+M320 2.6357 6.4779 -2.5116 -8.9113 -6.6259 1.4728 3.9114 -2.8031 -3.1043 -7.5627 5.6713 -1.0229 4.0089 -4.469 1.2482 6.0857 
M144 2.1821 -1.729 1.8915 -1.7607 -2.9423 1.4536 -0.46554 -5.2675 5.0974 -1.8912 5.2364 5.0933 -4.9855 -5.1142 -6.2007 -11.106 
M311 -0.7522 3.0237 3.8018 -1.883 1.4075 -1.0955 -2.2827 -0.040544 -9.7397 3.3092 2.0244 -0.32621 6.6999 1.8134 -1.0151 0.71397 
M053 -10.134 -7.4692 -5.5147 1.0907 -3.942 0.72259 4.0278 -1.4267 5.0476 4.3933 6.4894 -1.2181 -3.5039 3.3291 10.03 1.0659 
1(N48) -7.1797 -0.50001 5.4271 0.15138 4.0132 1.2706 4.0744 -3.4837 -8.3747 5.1825 -7.6522 6.1231 9.4602 -2.0602 -4.3619 -0.77877 
M361 0.072763 -6.7033 -1.4577 1.0817 -9.1405 -7.772 -8.3908 -2.0451 -1.9373 4.8616 0.54145 0.083634 5.756 1.2338 -2.8635 -3.5488 
M134 -3.1022 0.90535 -1.0463 -2.6519 -2.9746 4.3916 -5.6472 -0.031276 -3.9508 -6.2965 3.2104 0.1248 -3.6524 -3.1816 -1.3623 0.78406 
M377+M377 3.1737 -7.0629 -4.9241 -3.0999 0.81729 0.11719 -4.6943 -5.2171 1.4345 4.9362 3.7447 -1.6821 -1.0067 -0.68641 3.6353 -6.7474 
M152 3.3575 -4.8777 -5.3233 1.2387 -4.0743 0.32187 -1.6819 3.3393 -1.9452 1.8637 2.9872 -0.45054 -0.98898 -2.3511 -3.2063 -4.8725 
M061 -1.3028 2.3131 2.2774 2.4901 2.3625 5.4257 3.1312 -2.3522 -3.0247 0.54026 2.4925 -0.70424 1.2735 1.6592 3.7631 -3.0858 
M370+M072+M370 -0.82423 -0.68719 0.72457 -0.88305 -2.0384 3.4899 1.0933 1.996 -1.8845 2.2964 4.6001 3.4867 1.0702 1.2112 1.3839 -1.549 
M310 -4.2435 -4.8515 -5.1821 1.5771 4.0306 2.6885 -0.20216 2.3642 -0.27683 -3.5424 4.2025 0.37646 0.51709 8.2058 4.9204 -2.3251 
M175+M288 2.8694 2.2978 -0.48139 -3.6426 -1.1782 -1.3725 -3.573 5.0834 -5.1188 -2.4964 -0.78766 5.1104 -4.8684 -9.2125 -6.2403 -8.244 
M382 2.62 3.7343 0.85246 4.3344 -5.6342 -0.87303 2.2342 2.0174 -0.5487 -0.43736 -1.6879 2.9505 2.2728 -1.345 3.9699 1.8526 
M035 -1.5175 1.8547 -3.1168 7.1494 -6.8373 -7.7042 -3.6764 -1.577 2.1925 -6.0967 6.8522 -3.9003 9.9624 3.7712 4.2517 -1.3328 
M312 -1.0887 1.8172 4.7169 -1.7749 2.0536 5.0716 1.3452 2.971 -8.1972 6.3578 3.1786 0.999 0.33406 1.9987 -3.671 7.7658 
5(N34) -7.32 -4.7049 1.8505 -5.0705 -1.9118 -0.60194 -6.4031 -1.3255 -0.61238 1.4358 -0.24719 2.1302 3.2586 3.7352 -3.4512 -2.0172 
N(N01) 0.03725 1.7227 1.625 -0.1794 0.63941 0.36091 3.2178 -1.4175 4.6725 -0.82437 2.7867 1.481 -3.0453 4.7688 5.8543 -2.1563 
M151 3.3804 2.6382 2.2543 1.632 1.1241 -3.6991 2.9908 -0.89927 -5.7863 -6.1771 -0.66652 4.6807 0.61727 6.3724 0.9768 -4.8196 
1(N02) 3.4554 0.53505 -2.4684 -5.4601 -7.2953 5.4332 0.44508 3.521 3.4704 4.6312 -2.4107 -4.88 4.456 -0.10718 3.264 -8.3189 
M036+1(N24) 2.8096 -0.22134 3.1488 12.456 -2.9979 -1.9948 5.2803 -3.877 -3.2035 -1.2711 -3.5742 8.3874 5.2706 2.6222 -1.4168 7.518 
4(N1@B) 1.8985 -5.5036 4.8922 -0.7993 1.1509 3.499 5.7549 -3.4265 2.9177 14.468 5.5214 4.0978 -3.9323 -2.4864 -10.235 1.0618 
M123 -4.7452 -6.7836 -5.7885 -4.2674 1.2401 7.0012 -5.7237 0.55485 -2.6238 2.1283 -1.7923 2.0035 1.6881 -6.7723 -1.1606 -0.51444 
M375 -4.6076 -1.5103 -2.0335 -1.1642 5.0373 1.1211 -5.1898 0.86543 -1.1214 -1.8599 3.6582 4.6813 2.3371 1.9583 7.1751 0.25092 
1(N) -6.4323 2.5492 2.9418 -3.5074 4.2988 4.3321 -6.0071 2.7719 -1.4375 1.6098 1.6471 3.2636 1.1389 -2.7005 1.425 3.3471 
1(N30D@B) 4.0957 3.2461 1.3197 5.9289 -6.3926 4.1485 5.837 -3.9401 1.5942 -0.85822 3.6987 -2.6805 -2.3313 -4.3535 -4.0128 0.33224 
M305+M136 0.27644 2.5513 3.689 -6.2926 -3.5509 5.0832 0.9954 2.087 6.1772 0.52489 -1.6206 3.5698 -5.8696 2.5604 2.9567 2.541 
M058 6.4264 4.6088 2.4018 -8.7447 -9.063 -6.2772 0.50508 -0.47593 8.7762 4.2759 1.0301 1.5265 -3.4863 3.2733 10.318 0.6776 
M327+M059 1.0737 2.4252 0.21175 4.1322 -2.6576 0.094163 8.0166 -2.5354 -2.9864 -1.45 1.8911 1.4757 1.6748 -2.7563 -0.27507 -1.3396 
M288+1(N01) -1.7798 -0.70338 -7.7834 -2.6207 -1.6132 -14.721 9.3594 10.301 -0.34763 -4.1071 2.7011 2.9288 0.909 2.8753 -2.0622 -5.2175 
M026 4.1909 -0.02113 0.17702 2.8251 -1.1451 8.7797 2.3134 -3.1982 1.479 2.3855 2.1189 -1.6602 -0.36507 -1.2743 2.641 -6.9105 
M064 2.4895 0.57684 1.3585 3.0922 1.3535 -0.24545 3.5124 2.6953 -0.99188 2.9287 1.5682 2.1131 0.03144 3.5668 1.5407 -3.2188 
M370+M388+M370 0.69042 -0.82732 0.0062567 -1.2297 -1.4187 7.4859 -1.092 2.8758 -1.0028 0.79651 4.8023 0.58582 0.31545 2.3036 -0.16497 -3.5684 
M115 2.5779 3.0001 0.33021 -7.3017 -2.4805 0.62595 4.9951 1.2849 -4.2044 -2.5122 3.1622 -3.1094 5.9773 10.096 0.12674 2.8774 
M214 5.1229 -2.7821 0.46608 -1.0611 -0.18806 3.3564 -10.695 2.3061 3.1623 -4.254 -0.93427 7.6476 2.5539 1.7644 -5.5397 -2.8029 
M370+M046+M370 -0.46711 -0.34644 0.57089 -1.168 -1.8265 3.3735 0.83448 2.4624 -2.1292 1.9195 5.0278 3.4264 2.5037 1.4632 1.1549 -2.6693 
M461 3.9354 2.118 -2.3626 -0.31023 7.3941 -1.0894 2.9514 2.8186 4.1162 2.2422 13.279 6.4108 -0.28101 -2.7492 2.9651 9.8819 
M175+M136 5.6763 5.2246 2.7288 -6.3552 -7.7079 1.7313 1.5757 9.8187 0.33223 -0.69068 0.12191 0.91282 -7.9664 2.745 -6.0594 6.6375 
M226 4.5285 0.55413 -1.8716 4.5999 -3.7482 -9.8977 2.5623 -2.0091 -5.3907 -3.6528 7.5709 4.2677 -9.8339 -4.9896 0.57266 -13.504 
M298 -2.3589 3.1772 0.40574 4.1759 -4.7641 1.3563 0.43054 2.2879 -1.6143 -5.0968 2.4327 0.25622 0.42727 0.13086 -0.28678 2.5704 
M143 3.6548 -0.049903 4.2017 1.9773 -4.5704 -7.2987 -2.4198 -9.8777 -1.7837 -2.0546 8.1986 0.50373 -7.975 2.6741 -3.3615 1.2834 
M047 2.5426 -0.30255 -1.7669 1.9257 4.7771 2.0068 7.0936 6.4218 1.8269 6.0233 5.2525 3.857 5.3627 -1.3855 -1.8984 -4.6413 
6(N34) -9.0703 -0.36613 4.9973 1.002 -2.4462 1.4848 -5.1419 -0.84616 0.26857 1.3683 -3.8196 4.7743 -2.3998 -3.5449 -1.9887 1.2674 
M208 -2.0014 -0.45144 2.4244 1.5656 3.5674 3.2962 -0.1766 1.7499 -4.7281 4.6266 -0.78541 3.7924 1.0852 -1.7143 -0.52791 -3.9585 
2(N39B@B) -0.11094 5.7574 6.5623 2.3304 0.35641 2.1352 2.197 -1.9336 -0.4985 7.9698 2.1735 0.05819 6.3988 -3.4528 0.20689 1.0384 
2(N02) 7.6593 -3.6315 -3.1194 -6.368 -3.5533 4.3863 0.30601 1.8205 5.9661 2.9237 0.4414 -1.4036 0.66771 1.5874 -4.0434 -7.9429 
3(N23) 1.5034 -5.7256 -4.368 -1.8542 -4.2653 7.7432 1.094 -0.35819 7.2285 -2.2317 -7.8329 4.2475 -0.57716 2.0484 4.7627 -4.4494 
M218+M101 -3.4008 7.6928 -4.8488 2.0073 -4.8878 -4.5596 6.1372 -1.7789 -5.7599 -3.8783 3.0937 -2.7281 6.4651 -4.1166 16.025 7.154 
M351 -10.126 -4.0111 -2.2891 -1.6428 2.1171 6.1811 -1.2443 4.5399 1.4204 1.3191 -6.6033 6.0174 16.008 -2.0672 -2.8197 0.71341 
M356 -0.93177 -2.0383 -1.3832 -2.6662 -1.081 3.3563 -7.4717 3.1177 3.3128 2.3428 2.374 0.54793 1.9859 -3.4594 -4.9194 5.5797 
2(N30D) -4.7595 2.2752 5.8782 1.7902 -0.77079 2.3862 1.5744 -0.78649 6.8865 3.7381 2.0729 -1.0819 -0.079655 3.7854 -0.22567 0.43868 
7(N34) -12.454 -4.2444 2.6173 0.01458 -1.2801 3.0351 6.3306 -5.068 -4.1152 3.4682 -1.259 1.5383 0.4662 1.3592 -1.5504 0.98065 
M270 -5.2611 6.9419 1.4163 -1.3467 1.863 2.215 3.2151 6.7423 -2.7225 1.3021 2.2208 -2.7848 5.9377 0.96569 3.6647 -0.77014 
M268 -5.8495 -2.0935 1.2526 6.0937 -1.2602 6.1423 0.80942 1.2485 -2.1216 7.3326 3.9807 -3.3007 -4.0118 0.58466 2.2662 -1.3447 
M153+UNK 3.9139 -0.5765 -0.068275 -1.3976 0.067409 1.1678 -5.0909 1.8219 -3.8225 3.6449 2.6065 0.98887 -0.36471 -1.1041 -0.61762 1.3792 
M290 -1.9219 -0.8493 -1.5641 -5.7679 1.2257 1.2862 -5.5225 2.4976 1.8324 -2.743 3.3926 2.9373 -3.4756 0.32175 1.2965 -0.53237 
M393 2.457 0.16662 0.13975 -9.8905 5.3278 0.95029 3.2272 5.317 -5.7924 11.615 -0.83007 -0.94915 -5.4745 0.18887 3.2966 -6.7016 
M037 3.3097 2.5215 1.334 3.7616 -9.5013 -4.7824 -1.6628 -3.7013 -4.2347 -5.4612 -0.13432 2.5863 -4.3369 -3.2774 -0.45872 -0.74818 
2(N14@B) -0.16215 -1.0535 -0.3863 2.8074 -8.4502 2.7164 1.4349 -3.7628 5.7246 4.987 1.3709 -3.5593 -1.1583 -0.78378 4.8291 4.4259 
M176 -3.1419 1.2998 -0.39757 1.786 -5.6064 1.4336 -0.76491 0.64072 -2.2489 -2.9135 1.1213 -2.6648 3.6429 2.0812 1.3001 0.29343 
5(N23) -6.6134 -8.7266 -10.339 -1.1171 -8.4453 4.6839 1.6741 -5.4314 2.1655 0.78595 4.7457 -5.9325 8.0346 -5.2097 1.7479 -4.8674 
M351+UNK -1.7057 -3.6318 -2.5667 -3.25 -6.7164 4.8798 1.5318 -8.4147 -0.3384 -3.3631 -3.7573 -1.5677 -1.7457 2.8755 4.895 5.766 
M036+1(N39C) 2.3021 7.0895 5.4625 -0.74 -5.8328 3.0168 2.0815 -3.6427 -0.38901 0.19685 0.80289 -2.7031 1.3018 -0.19433 0.80128 3.8945 
M294 -4.4317 7.0418 2.0548 0.30767 -2.7415 9.0789 0.95371 0.96611 5.632 -5.5024 3.272 -3.8121 4.9244 -1.0072 -0.71046 -3.1218 
M188 -3.4602 -0.78281 2.7841 -2.1337 -2.0688 3.6532 -4.0991 1.4418 -0.074599 1.8224 0.53667 3.198 -5.7002 -0.17781 0.8543 -1.3788 
M076 -3.2321 2.0471 1.5574 2.3165 5.8327 2.9169 2.5386 -3.1073 -1.7139 -2.2716 7.5266 3.3181 5.0928 -2.9947 -3.8365 2.0778 
1(N39B@C) 0.35929 1.6924 5.6002 -2.4619 -2.4068 -3.452 1.274 6.8898 -1.7254 0.7365 -1.6702 7.0244 3.5039 8.8004 -5.5181 3.0206 
M052 -0.93124 2.3327 4.8281 3.0971 1.2806 4.8886 -4.5848 -0.51588 0.53934 -3.3214 3.9837 3.4879 -2.7576 1.5118 -1.285 -5.487 
M342 -4.661 6.3668 7.3431 -1.5952 -2.0064 -3.4962 -3.8191 -2.2261 -4.6392 -0.89042 0.12305 -0.44705 -4.6003 0.63013 2.0313 -4.2816 
M175+M175 0.75971 -2.3987 2.3512 -4.1803 -0.49916 4.1453 -1.1264 -0.83523 -1.1601 1.473 -1.7095 5.7411 0.40189 -0.66489 -4.4389 -2.949 
M224 2.2378 -0.54157 -5.4906 0.20575 -3.7332 0.89476 11.6 2.3602 -0.90804 0.41021 2.2821 -0.78989 3.6573 -0.39845 1.1095 -1.2753 
M126 3.5917 2.0535 3.7795 2.0035 -2.5879 1.624 -2.881 0.40457 0.16406 -3.1617 2.8297 1.3652 -5.1072 6.3838 0.13508 -1.0002 
M218+UNK 4.1623 -5.0984 -1.1369 -2.6747 0.33444 1.3482 4.1897 1.9363 2.2682 3.4911 -1.9351 3.1756 2.914 6.7339 -1.8462 -9.0408 
M244 -1.7257 -0.95836 3.7179 -3.761 -3.3691 2.7588 3.7732 -3.7365 -2.1333 5.6216 -1.8701 0.93724 -8.5192 1.988 3.678 0.99508 
M150 9.7358 6.3467 0.66689 -1.3018 -8.4316 -8.0438 0.21419 6.7928 -7.7674 -0.16058 3.0816 -0.33594 -5.3662 -0.63225 -2.4276 1.0847 
M305+M320 -2.6686 -2.0669 -1.9538 1.3399 -2.6677 -5.6623 1.4494 -1.2811 -0.25042 3.2617 4.2333 3.7109 -0.42564 -5.6646 2.5026 -4.7336 
M175+M153 -3.8985 0.44114 0.65958 3.5895 -1.0392 6.1255 2.9538 6.0088 -0.90723 5.7663 1.247 -2.4923 -0.84679 -2.3189 -2.5338 -7.2623 
M007 3.4484 -2.1959 -2.6886 -11.796 3.1821 4.6582 -8.6621 -1.97 2.3393 -0.7904 5.1214 2.5652 4.2102 0.96437 1.2047 4.6783 
M305+M009 0.5508 7.9868 1.7673 -0.11977 -4.3038 -2.7666 1.6029 8.1954 -3.5129 -5.7712 -6.3988 1.2285 1.7862 1.4316 1.2773 -6.1533 
M016 1.3617 2.9512 2.4168 -0.47581 0.38099 6.1239 3.1351 1.6823 2.2721 1.1382 0.42478 3.1605 -3.3001 -4.6617 -0.66067 -8.3138 
M271 5.53 -1.3291 -0.21258 3.5573 2.775 1.3174 0.45946 3.3987 -0.63513 3.6023 5.7365 2.0765 -3.5041 -0.23125 -4.4174 -3.9635 
M385 -1.8729 -0.98199 2.2028 0.65519 -0.4447 3.862 -0.14982 -4.4738 -2.576 0.14125 0.049186 5.3946 2.9648 1.3648 3.53 4.0373 
M228+M320 8.8682 -2.8429 -7.3904 -4.6124 -1.6241 0.9939 3.5361 -6.1839 -15.281 -7.1936 -2.0661 0.58539 -8.6158 -2.1686 2.2516 -1.0738 
M228+M101 0.090899 3.9452 1.2706 -1.0086 -1.5276 -7.8574 1.0672 2.1988 -1.6977 4.7105 5.1938 1.5542 -1.8741 0.75553 7.1909 5.8864 
M014 1.9853 7.1303 3.6874 1.4737 -9.49 -2.3925 1.6443 -6.8431 3.0181 -4.2428 -0.15027 -1.5879 6.7736 -2.5786 0.80211 -2.2209 
M359 -3.7091 3.7303 -0.47688 9.105 0.84814 1.3175 -0.21348 2.5119 1.7615 -1.6952 -3.6583 4.865 4.5633 -3.7488 9.778 -3.145 
M141 2.0137 5.5196 1.9138 1.2369 2.5426 -3.5392 -9.4158 4.5353 7.7447 3.0829 5.2337 10.475 4.835 -10.245 3.2777 6.7243 
M157+M288 -1.8091 5.602 1.9426 5.9609 -0.262 -1.4949 -0.81627 4.3588 2.8849 -1.1706 5.9458 4.0146 -1.3239 -2.3658 4.1421 3.516 
M368 -1.0982 -1.0008 0.98279 4.2147 0.86353 -0.11057 -1.8056 -2.0273 -2.0212 0.43466 4.1839 4.3343 -0.096063 -4.1823 -2.5629 -0.42455 
M153+M106 2.2457 0.8346 0.78713 -3.5994 -3.162 0.84354 -0.058672 -6.1462 -2.4143 -0.61188 -1.2445 -2.9858 1.4025 1.1448 1.466 -1.0931 
M157+UNK 7.991 -3.4963 -6.465 2.1427 3.5782 8.5192 -0.75155 5.7111 1.8553 10.949 2.1672 -7.617 -0.022183 1.0086 1.7449 7.2314 
N(N@B) 2.7199 -0.16941 2.7747 3.4931 -3.3653 7.3613 -5.4583 -0.04537 4.7011 2.3696 1.7387 -0.12117 -0.77718 -1.7363 -4.0145 0.94211 
M074 -3.6943 0.95475 6.6098 -1.5753 -2.1564 -2.582 -2.533 -8.5666 -2.6177 3.9986 6.1789 -3.169 3.7335 7.228 3.3898 -6.2514 
M358 2.6502 1.6539 1.4612 -0.87733 -0.30727 6.8957 6.0164 1.0757 -2.6349 1.5057 4.0381 -2.9555 -2.8946 5.7102 0.82344 -1.7893 
4(N39B@B) 6.327 6.5561 9.6058 3.6687 2.8652 8.7593 3.6812 -3.7377 0.96781 17.282 -0.087823 -5.4592 2.882 -0.25273 3.2522 0.94374 
M054+M365+M054 -4.0313 1.3214 -0.39723 -0.0082602 1.4415 4.7614 5.867 7.8395 -2.2208 -1.146 -0.52971 -0.90223 -1.0297 6.094 0.67008 -9.3472 
2(N48) -4.3398 1.7069 5.8872 -1.7101 4.1848 -1.8761 3.0897 -4.7374 -9.4472 4.353 -1.7344 4.7802 8.6454 -2.2532 -3.0939 -8.0611 
M351+3(N01) 5.2368 1.7687 4.7717 2.9966 -2.8142 -1.4387 -3.228 1.8188 -7.947 4.6018 -8.0203 6.9376 6.5919 -3.881 -6.569 4.2614 
6(N23) -4.0228 -1.5602 1.6235 3.7465 -2.5566 4.1299 -1.9292 -8.3283 4.6235 3.4622 1.8339 -2.8913 8.4729 0.13458 4.0078 -4.8263 
M317+UNK -3.77 -2.0819 0.40542 -1.8066 -6.352 -2.4084 2.1273 -0.57397 0.77574 -3.4993 1.9778 6.748 -4.9346 -2.2762 -4.2079 -0.61784 
M362+M059 -3.307 0.4079 4.7268 -0.64889 7.0551 14.354 -0.48448 -0.79612 2.6291 3.741 2.3375 2.8346 -2.0839 0.7203 -2.2584 8.7031 
M449 -2.7846 -1.3343 2.6272 2.2107 1.3055 1.4901 -0.19142 -3.2299 3.1925 -0.74706 4.3102 6.9341 -4.7287 0.075355 1.5949 -1.0773 
M034 3.0633 4.0451 2.6157 6.1115 -5.0073 -3.0057 -0.42423 3.7116 1.7554 2.5701 -3.3625 6.7136 -4.7849 -4.6433 6.3239 -3.5505 
M086 4.6482 -0.90596 0.82238 1.1254 -5.2726 -4.8533 -5.6848 2.5721 6.2246 2.7888 -3.8963 6.8515 2.2398 -1.0194 0.1803 1.1801 
M039+1(N30D) 6.4282 5.4584 4.3231 -4.9451 4.0851 7.4418 7.1495 -4.3933 2.1475 -0.035282 0.89551 6.6624 -2.63 -2.0219 3.9412 0.66472 
1(N34@B) -2.8828 1.7057 7.2758 2.0592 -0.043871 6.8872 -5.3525 -6.3332 4.1142 10.213 2.8241 -3.7494 -3.7314 -0.16985 3.3596 8.8275 
3(N39B@B) -2.8051 0.023492 3.4494 6.0641 0.18876 2.7665 0.64262 -7.9999 -1.3855 8.5241 4.7738 -2.4881 9.0368 -4.9922 -3.9285 6.8096 
M447 2.7732 3.7438 0.38452 -0.54959 -0.26569 3.0051 2.2465 -1.0544 3.0297 -1.8531 0.056555 2.5261 2.2855 1.2269 9.0189 -3.1428 
M063 -1.7889 5.0998 5.7232 1.5927 -2.2919 0.4857 9.887 -4.0598 1.8626 0.96771 3.3347 4.0812 0.37283 2.9395 4.4537 7.2379 
4(N23) -2.1474 -6.3 -2.7305 -1.2217 -3.7858 6.1748 5.8103 -6.3822 -1.9046 0.65495 -0.47947 -2.6876 -1.7397 7.022 4.717 -2.7028 
M343 4.8291 1.2212 -0.90563 -1.2871 -8.8876 4.2473 4.306 -2.8186 -9.7533 5.1279 -0.27053 -3.5215 -7.5298 -6.1953 2.2527 4.8534 
M289 -0.5564 -3.2099 3.6674 -3.2944 -1.2839 0.35734 0.37267 -0.86018 0.65876 5.4277 4.7416 5.6678 0.81814 2.8907 -4.1355 1.296 
5(N1@B) -8.2053 1.6436 3.4217 1.9134 -4.5474 -1.8532 -3.9109 -3.011 0.33672 0.96477 3.3953 -0.52349 -4.1171 -3.8116 0.11663 4.1268 
M011 1.7721 3.8104 3.4314 -8.9562 -2.2387 2.9309 -4.2446 -2.2524 3.1825 -4.2749 3.8624 1.5272 4.2022 1.3252 -2.319 -4.4108 
M098 -14.747 -1.2963 1.21 -0.90076 -5.1362 0.56667 3.5172 -0.66667 4.429 1.8001 -3.1132 2.2209 8.4274 0.089991 2.5249 3.2444 
3(N1@B) 1.8366 -2.9452 0.50834 -2.998 2.4305 4.9042 9.378 0.23224 0.38221 6.6448 1.0387 1.8827 3.2617 2.6736 -4.5259 -2.0757 
1(N54) -3.9619 -4.5275 -0.14296 1.6662 -5.5984 3.8538 -1.6079 -5.4598 5.168 1.0359 -1.5849 -0.55178 -2.9603 3.7056 3.8979 6.482 
M036+M343 0.083845 2.2701 1.6908 5.6502 -3.095 2.8059 6.4492 -2.0617 1.5764 -3.1614 1.3917 2.555 4.0297 -1.4135 -4.1536 1.4552 
M001+M379 -7.8225 6.877 8.7253 -4.4678 -0.85881 4.7295 2.1545 -3.1968 -4.415 5.5584 -0.92705 -2.945 -0.51008 2.2204 4.8499 5.8124 
M217+M124 4.6721 -1.1907 -2.5627 -6.8642 -6.5561 -3.6653 -2.3696 0.38581 -0.27518 0.7115 2.5002 -0.41647 -4.4856 4.7197 7.0496 -1.5036 
M177 -2.3993 -1.2024 0.78916 -1.8629 -3.6518 -3.541 5.6941 -0.19168 -2.9345 2.5426 3.035 5.1996 -0.24571 -0.63913 -0.14542 -1.9164 
2(N51G) -3.34 -16.07 -8.9971 1.3544 1.6015 -3.1262 -1.9061 2.4912 7.6127 10.761 4.3122 1.7963 14.458 7.4325 -3.2285 1.2947 
M284 -8.94 -4.8587 -0.15314 3.5661 1.2477 -1.545 4.3862 -0.024235 -0.45721 5.7611 -0.43023 5.0556 3.3981 -2.1534 0.073791 -9.0812 
M283 -2.8063 0.28211 1.5704 -3.6639 2.0302 6.3588 -0.31044 -1.6992 -2.452 0.80315 2.2108 2.0753 -1.1913 0.80169 4.0642 -1.3978 
M062 -2.739 0.67183 3.6828 1.3298 -1.9113 1.5923 1.2157 -0.30898 -1.4977 2.1041 2.4381 0.35948 2.152 2.2544 -2.5225 -1.0652 
M107 6.9685 2.5984 4.1708 1.7038 -5.1759 1.2892 -7.4084 -0.84566 7.4851 1.5423 -1.9276 3.1692 -2.9506 1.8349 4.6617 2.0417 
M276 -3.0448 0.32948 0.68615 -1.7798 0.45806 4.7902 0.9523 -0.42609 -2.6424 1.7246 4.9752 0.58857 1.0518 0.534 2.6746 0.058134 
M012 0.5976 -1.288 -2.256 3.3275 2.0243 8.682 4.0662 0.58511 -4.8274 -2.3666 0.97592 2.4833 2.2104 0.55559 0.019939 1.5105 
M030 -0.35168 1.3416 3.5381 -1.1895 -0.73396 3.3057 2.0117 -2.5531 -3.5537 3.1635 2.8464 2.7123 -1.8805 -2.3466 0.39888 -0.98704 
M104 4.0903 -5.3614 -9.8028 5.1077 5.0563 1.7748 6.216 -2.9288 -4.0523 -2.59 2.9967 3.7049 8.5956 -3.1116 1.6828 1.2837 
M175+M131 0.075682 -1.1351 -1.3658 -3.267 -1.4689 4.102 0.14982 0.75115 0.734 1.7757 4.6701 1.012 -0.73889 -0.96715 2.5158 -4.4779 
M357 2.8192 -2.2021 -4.2684 -3.2765 -0.8597 1.2054 2.4825 1.1007 1.9134 0.42728 12.994 -1.872 -1.762 1.8483 -1.8849 0.61172 
M482 -1.7335 0.15674 2.1122 -1.3028 -1.7148 3.3144 -0.53176 -4.3747 -4.6356 0.77651 -0.81854 1.814 -0.76532 -0.81525 2.6588 2.7759 
1(N46) -10.513 1.5078 7.8597 -5.3222 -1.3977 0.8171 2.1372 -6.9455 -2.1048 0.63665 1.5464 2.7259 -6.0119 -2.5252 -5.9284 -0.66794 
M129 -1.0639 1.1243 -2.9912 -3.5461 -2.8579 0.95674 -2.22 0.71806 -2.2817 -2.821 2.7364 1.5979 3.5888 -1.8496 4.9029 2.9834 
3(N14@B) -1.397 -2.9714 5.4939 2.5689 -7.4487 2.1584 -2.043 -7.1299 0.040141 6.7972 0.21993 -6.575 3.8271 7.3203 -5.589 1.6439 
M308 -0.15829 0.36725 -1.0013 -3.2756 -1.1811 0.67198 -0.36969 0.83119 -2.8161 0.88545 5.4843 -0.86092 0.11602 0.024537 1.1369 -1.8704 
M201+M377+M377 -0.39292 -0.1344 0.97627 -0.61596 -0.93394 2.033 0.72061 -0.19916 -1.0251 1.3141 1.6161 1.4377 0.83013 0.73051 0.43609 -0.60721 
M175+UNK -0.094091 -1.2724 -0.85024 1.678 -0.58288 7.1164 -0.32335 2.6468 5.7451 4.7301 1.4207 -3.2916 1.8472 1.4772 0.10833 1.6277 
7(N23) -13.592 -8.0097 -4.8788 5.1015 -8.1139 -4.5583 1.899 -9.7172 3.7949 6.1867 0.11593 -8.8869 2.1157 4.7532 14.676 -8.7828 
M068 5.1923 -3.5655 -1.5894 0.36881 1.1909 1.8703 1.7607 -4.3594 -0.50423 3.3915 6.8388 -0.92436 2.6778 4.5787 -1.5621 7.1126 
M025 2.5778 -0.76165 -2.5796 -7.3581 -0.92771 5.5951 5.8315 0.11736 2.965 -0.58334 2.849 2.445 6.8375 3.7109 2.4856 0.89869 
M260+M266 3.6565 1.5916 0.09559 -2.6499 -2.2466 3.6205 0.69856 2.9966 1.3315 2.3426 4.9337 1.6814 1.1643 -0.38849 0.74675 0.062709 
M175+M286 0.83456 -5.1654 -0.41038 0.063036 -0.96241 4.7385 1.7158 1.0839 -3.8254 4.2184 -2.34 2.8755 -6.2734 2.0191 0.31073 -5.6568 
M362+M099 -1.5312 -0.6561 0.69803 -1.8682 -1.6188 2.9786 1.718 -1.1708 -3.3543 0.67722 0.49252 4.5352 3.2612 0.42214 2.965 -1.871 
M195+UNK 2.7639 -0.30164 2.847 -1.3021 3.5144 4.9595 -7.2589 -3.7249 7.4137 6.6547 0.74885 3.9599 0.71921 -1.6295 7.8469 -3.4004 
M175+M038 0.66324 1.0341 -1.3713 -3.2278 -0.76054 0.89232 -3.7672 -1.4649 -9.1355 -1.4989 3.9152 -3.395 -0.67756 2.0786 3.8154 -0.32516 
M036+1(N30C)+1(N39C) 0.79692 -4.85 -2.3417 1.6552 -4.2402 6.295 5.443 -7.1855 -0.27076 1.591 -0.3003 -1.574 -3.1873 2.1712 3.2359 3.1257 
M370+UNK+M370 -0.086345 -0.64604 0.74356 -0.75437 -0.41665 2.6539 0.92348 0.43034 -0.96987 2.2408 2.7476 2.8256 1.2515 0.40059 0.64229 0.02788 
M175+M387 -2.6049 -1.4647 2.5984 5.0521 -3.0325 -1.7791 1.5506 -0.6254 -5.568 1.3548 8.9085 -2.1856 -6.1215 3.263 -6.5592 -6.1364 
M327+M365 -1.6941 -4.6833 -1.8143 1.8568 -7.5753 6.1111 4.1851 -3.0183 -1.868 0.90468 -5.3835 0.42894 -0.49698 1.8784 1.052 6.8458 
M362+M244 -1.8187 -0.39952 1.079 -3.2841 -0.79118 4.3073 -1.7997 -1.3681 -4.2026 0.38345 0.29185 3.6245 -2.3569 -1.0993 3.7393 -3.4523 
M362+M026 -3.2116 -0.046695 1.0347 -1.4708 0.62619 4.7813 1.3059 -1.1013 -1.9019 2.3726 3.8638 0.85089 0.29058 0.71902 3.0529 1.7063 
M348+M004 -0.032703 1.0388 -2.7577 -0.03762 -0.87971 -5.5781 7.0792 -9.0948 -11.615 -4.2596 1.6844 4.0289 13.3 -4.1883 0.29371 2.457 
M351+M342 -4.6017 -4.2595 -3.2046 -0.45223 -3.9142 3.1512 1.5494 -0.41643 -2.5972 -2.1739 -1.5755 4.8539 0.1303 -2.5872 0.10444 1.2565 
M157+M153 -9.8655 6.5101 2.1967 -0.52361 -4.315 0.057208 2.6626 -0.32109 -0.83674 -1.8652 5.2655 -6.1599 -7.8606 -1.2152 5.4888 -0.68977 
M370+UNK -0.4129 -0.33625 0.20716 -1.2999 -0.89739 2.1288 0.60171 1.2659 -1.7169 1.611 4.1221 2.1584 1.9637 0.62924 0.64063 -2.1299 
M362+M383 -1.2829 -2.377 0.48953 1.7904 -0.65035 2.4483 1.4356 -1.4598 -2.8183 2.8848 2.6781 3.478 -1.0777 0.61167 2.0517 1.6588 
M264+1(N24) -6.6336 2.2021 -2.3426 6.3891 -2.1977 -3.6275 3.5797 3.3107 1.0259 -4.7699 -0.92311 -0.29121 8.3883 2.5847 4.0575 -7.3109 
M362+M158 -3.6752 -0.13789 0.99962 -1.822 -0.10971 4.1424 1.6934 -1.6323 -2.1104 2.6342 3.5881 0.074435 -0.77581 0.45593 3.0211 1.8384 
M157+M381 -1.1388 0.09033 2.5523 -0.91241 -1.5483 1.1528 0.20441 -0.50239 -0.8107 1.6702 3.39 1.8068 1.4271 0.85314 -2.4963 -0.064612 
M157+M367 -2.0805 -2.1055 -0.2238 -0.2253 0.16222 3.3207 1.4514 -1.3987 -2.926 2.5957 4.2975 1.7844 -2.2041 0.92117 2.8747 2.0152 
M157+M111 6.2548 0.69 -2.3458 2.1175 -2.8813 1.6118 4.5293 -3.2794 -0.97136 0.19958 1.1427 -1.4202 1.4907 1.0216 5.4707 0.58 
M054+M393+M054 -0.22753 -0.01739 0.77608 -0.35995 -0.71426 1.4456 0.45237 -0.1456 -0.74498 0.94819 1.1549 1.1131 0.49645 0.67143 0.40214 -0.43367 
M260+UNK 5.2521 -1.2949 -2.897 0.52596 -2.1284 1.8355 2.1819 1.1625 -0.25723 -0.18614 1.1312 3.8757 1.7654 -3.3869 -2.0792 -0.66656 
M305+M038 6.629 -3.2278 2.0849 8.2292 2.8782 6.0053 5.1851 -6.0703 0.52115 5.4837 -7.2133 4.491 4.7339 2.0252 -1.0649 6.2282 
M348+M288 -1.586 -0.49349 0.021661 -0.99511 -0.81638 1.9398 0.99293 0.10305 -1.7266 1.2847 3.3116 1.4958 -0.41919 0.29691 1.8333 -0.096841 
M305+M209 -0.22138 0.080324 0.6901 -0.4557 -0.65535 1.5107 0.44319 -0.1738 -0.71448 0.78783 1.2439 1.0277 0.53247 0.48847 0.35138 -0.50326 
M278+1(N24) -0.74272 -1.2123 0.4797 -1.6174 -0.50475 2.5124 1.1946 -0.92821 -3.0989 1.0848 0.64924 3.559 2.0071 0.85661 1.5693 -1.3812 
M153+M205 1.9174 -3.53 -1.6288 5.0556 -1.5325 4.7083 1.1306 -0.34902 1.4278 0.60928 2.3487 0.73044 0.46471 0.30725 -2.6251 -6.0941 
M153+M377+M153 -4.7838 -2.746 1.2266 -4.4894 -6.1835 -0.67976 -1.3075 -4.7246 3.3081 -1.5388 -3.3174 5.0177 1.2016 -0.35508 0.090583 -1.0489 
M362+M317 -4.3612 -2.8896 -1.4908 -1.9709 -5.172 1.8847 -1.6586 -1.3338 -0.71281 -0.96429 0.3972 2.3796 2.2893 -2.0791 -0.35488 -0.61808 
M029+1(N08A) -3.9475 -0.76553 -3.8151 3.4145 -3.426 -8.6105 8.6647 4.8509 6.4286 -2.1987 -0.71525 8.0296 9.6873 -2.2353 -1.3272 -5.8001 
M305+M365 -5.0208 -0.27831 2.2638 -0.035158 -3.9392 -0.68402 0.19947 -2.8394 3.3136 4.161 5.6971 -0.11756 -1.964 -1.2128 2.0002 0.68381 
M096+M029 0.3638 -1.0781 -5.1888 -3.3807 -2.2217 -0.89803 -0.84263 1.0621 -0.87441 -4.2701 7.2328 1.4984 3.5252 -1.6328 -1.38 3.5767 
M057+UNK 9.2378 -0.66046 -0.76703 0.73714 2.0028 1.472 0.32362 0.79319 1.762 2.258 1.4684 1.4113 0.22128 4.4751 0.70227 0.44092 
M175+M388 -1.0904 -0.80676 0.43921 -1.1243 -0.88224 2.312 1.352 0.01538 -1.0951 2.4779 2.8015 1.8465 -0.058995 0.35337 1.4996 0.52794 
M175+M203 1.4002 -3.907 0.78675 -4.5323 -2.0282 1.7608 6.0486 2.633 -4.9102 10.518 -7.5977 6.2661 -0.60107 0.84 2.0594 3.2419 
M260+1(N30C) -0.27599 0.10156 0.13175 -1.0158 -0.70057 1.9679 0.47103 1.2018 -1.7526 0.87878 3.5761 1.7742 1.4473 0.51022 0.73652 -1.8712 
M201 2.3665 -2.8883 -1.8943 -2.2556 -2.6204 -0.96581 -2.0285 1.7152 6.5224 1.7272 5.5826 0.86813 -2.2507 1.038 -1.9825 -4.4234 
M218+M218 -2.698 0.25074 1.1174 -1.2594 0.37856 3.6781 0.87288 -1.4304 -1.5713 1.6334 2.3894 0.22472 0.0045192 0.5406 2.3827 0.93253 
M325+M342 -0.29483 -0.0077413 0.67263 -0.40912 -0.64105 1.4805 0.41473 -0.1002 -0.56953 0.78567 1.1294 1.0195 0.46858 0.62387 0.39384 -0.46951 
M347+1(N14) 7.1424 5.8296 0.049054 -0.20137 -0.98233 5.3903 6.1737 -1.8273 -5.6045 -3.9095 7.265 -2.3034 -5.0919 3.9716 6.324 2.8111 
M157+M136 -0.31525 -0.064572 0.69603 -0.41744 -0.69422 1.4875 0.48825 -0.17325 -0.60229 0.85749 1.167 1.1554 0.47888 0.61148 0.37371 -0.48774 
M218+M099 -2.1544 -3.8119 -7.224 0.22795 5.3657 -7.7627 -0.56029 6.8558 -3.7821 -0.43065 5.159 0.096006 3.4579 7.0463 3.6214 -1.6165 
M297+M296 6.6665 -12.716 -8.1331 1.2794 0.78636 -2.217 -7.3542 -8.9019 -1.3243 1.7908 4.7081 -2.1254 6.8407 10.242 3.967 0.98348 
M305+M324 2.5139 5.9454 3.9754 4.6305 -0.70798 1.9427 -3.1281 0.068429 -3.3843 1.6421 1.352 -2.0365 -5.1089 -1.1204 3.4738 3.5781 
M304+M342 3.2228 -1.5774 0.83617 4.5151 -3.6763 3.6132 -1.7609 -0.57901 0.21047 2.6795 -2.7656 0.83356 2.3572 3.1344 3.5368 -3.2433 
M036+1(N39B) -0.332 0.53025 4.4852 3.2939 -0.48946 2.2585 2.6825 -0.27882 3.0501 5.1918 1.3655 -0.70234 6.5106 3.7434 -6.8563 2.8765 
M036+1(N24)+M343 2.7305 -2.6222 -1.0724 4.6159 -3.1188 2.6418 7.9512 -1.1292 -1.4251 -3.5255 -3.5757 6.912 2.1307 1.6244 -2.777 0.78064 
M175+M381 -6.9888 0.44244 2.661 5.3354 -5.2762 -9.4244 7.1865 -0.19742 3.8702 1.3351 -1.8924 1.5244 2.0029 1.5483 -3.2897 -5.3452 
M305+M288 0.41993 -1.2006 1.3024 -4.4791 -2.7151 -0.19137 -0.23105 -3.5147 2.6548 0.65591 -0.16472 2.4901 0.45462 2.0253 1.6157 -1.6143 
M305+M111 0.73234 1.8653 1.336 0.62899 -3.1685 3.5125 -0.7075 1.693 2.6635 0.056719 0.38069 3.1918 -3.97 -1.95 2.4828 1.8393 
M362+M384 -3.3016 -0.90283 1.1887 -2.6129 2.8573 6.8495 -2.4686 -3.0806 -0.41883 0.17229 1.9236 3.0407 -3.0445 1.8368 6.5624 1.7305 
M325+UNK -1.0409 2.4702 -2.1366 0.47312 -1.4248 2.411 0.16693 3.6664 -5.8636 -0.51015 0.89419 0.14895 0.17405 -2.9589 4.7319 0.52448 
M362+M312 -0.89726 -1.2292 0.67627 -1.6061 -0.71415 2.6844 1.0056 -1.2113 -3.3934 1.035 0.49103 3.6614 2.5905 0.74983 1.2591 -1.289 
M297+UNK 0.35295 1.2763 -0.84198 -1.7157 -1.2904 1.525 0.49318 1.0942 -3.2835 0.41499 3.9838 -0.84756 0.46936 -0.16243 1.9332 -0.57288 
M362+M123 -0.94289 -1.6932 0.91805 0.85603 -1.4831 1.8743 1.3716 -1.0175 -2.6444 1.7757 0.35443 4.4728 1.4844 0.33675 1.1708 -0.088928 
M327+M367 -0.13871 0.098355 0.12297 -0.72427 -0.48032 1.5839 0.27368 0.71079 -1.1749 0.68342 2.6687 1.2356 1.1253 0.46483 0.52414 -1.1773 
M157+M029 -2.4796 -1.0779 0.69459 -1.6676 -1.0999 0.29158 1.4639 -1.7421 -0.68197 2.0352 1.3014 2.0605 -0.59969 -0.83214 0.76784 0.64537 
M327+M348 -3.8964 -2.3251 1.8621 -5.7949 -2.3252 8.6939 -0.11645 -5.5029 -0.31204 -0.46714 -1.5826 -1.445 0.78097 6.8843 2.0703 6.0619 
M054+M384+M054 -5.1976 0.36252 3.6134 -3.1764 0.56611 4.2521 -3.6648 1.499 1.8492 0.18544 2.1105 2.3409 -6.5979 2.2297 0.32118 0.32231 
M362+M367 -0.86458 -1.9193 -2.0916 1.6722 0.57018 3.7284 2.9798 1.6743 -2.8097 -1.8176 -1.7072 4.3496 -1.1429 0.49814 1.1894 1.3749 
M278+M124 -1.6942 2.4827 3.3029 1.1574 -1.6743 2.8416 1.0837 -0.43993 0.028882 0.35009 0.78594 -0.21417 2.6611 0.11945 -2.3216 -1.0827 
M327+M320 -0.22184 0.035316 0.56695 -0.18906 -0.57009 1.0875 0.31727 -0.073634 -0.39565 0.58527 0.71116 0.87396 0.33449 0.56005 0.27414 -0.27804 
M218+M388 0.98279 -1.8766 -1.0786 -0.10905 -2.3292 0.85363 0.44924 -1.2996 -1.5807 1.7997 2 2.5456 0.60031 -1.0447 1.778 0.61216 
UNK+UNK -0.23592 0.023977 0.53869 -0.18196 -0.60591 1.0702 0.2787 -0.060445 -0.43465 0.59696 0.9165 0.89242 0.35539 0.53923 0.27697 -0.33949 
M377+M377+M377 -0.22681 -0.028332 0.46578 -0.22448 -0.59463 1.0748 0.31306 -0.047215 -0.37849 0.54811 0.78332 0.7714 0.2483 0.57883 0.17826 -0.24215 
M157+M377+M377 2.6284 -0.96379 -4.153 -1.0121 2.7264 3.0786 5.7763 1.3509 7.0893 0.31644 9.0478 1.4656 3.5238 0.49078 1.1189 -3.3461 
M387+M340+M387 -0.29571 0.030613 0.57321 -0.19527 -0.54706 1.1276 0.20573 -0.13601 -0.38243 0.58484 0.78144 0.7626 0.34478 0.51841 0.18049 -0.34959 
M305+M075 -0.1671 -0.024338 0.69012 -0.4644 -0.59933 1.1337 0.39627 -0.3438 -0.31024 0.98868 0.96789 0.81378 0.52271 0.50041 0.26274 -0.3125 
M362+M365 0.156 -0.53991 -1.3382 4.8198 3.2453 5.3498 -0.37001 6.7188 -3.86 2.2206 -0.53066 2.9325 -1.3779 -2.5792 -0.90472 -3.3496 
M387+M387 -0.1665 0.1118 0.58272 -0.14966 -0.57595 1.1381 0.35481 -0.13609 -0.45613 0.56931 0.82806 0.7817 0.23706 0.55839 0.30846 -0.29224 
M157+M066 -0.20234 0.022997 0.59855 -0.23154 -0.53586 1.1047 0.22881 -0.069536 -0.42578 0.6615 0.78927 0.8168 0.21538 0.64951 0.30965 -0.4059 
M057+M291 5.2911 0.73615 -0.22526 -3.7066 -5.1816 -3.4254 -1.1637 -6.3021 -3.6076 0.45922 -0.67302 3.4853 -1.0862 -4.2681 5.6913 -4.168 
M362+M247 -0.15557 -0.030273 0.669 -0.57499 -0.64373 1.1015 0.48288 -0.27205 -0.29223 0.97261 1.0209 0.87059 0.60071 0.59767 0.25472 -0.27705 
M106+UNK 1.6984 3.6533 4.3752 3.4459 0.99859 1.2504 -2.2983 -1.317 -4.2194 2.4438 -1.1215 -2.585 -0.47397 3.4111 1.2993 0.7397 
M127+M127 6.6904 -2.6748 -3.5821 -3.9236 -0.84818 1.875 -9.8845 2.512 -0.24721 3.7887 0.6049 3.8773 -1.8943 -6.1994 1.1389 3.4928 
M136+M071 0.39349 -0.65544 -2.7352 -7.9998 -3.0504 6.403 0.7815 -1.4308 -2.7706 2.0723 -1.4704 -5.8516 -2.2102 7.6846 11.694 6.7688 
M009+M140 -0.51813 4.0158 6.0734 5.9432 -3.8514 -0.60481 -0.38832 -2.4409 -1.5301 -0.67734 -2.2137 6.5109 3.003 -1.9734 1.7457 -2.7356 
M327+M324 -0.29452 0.038846 0.53537 -0.2613 -0.46977 1.0888 0.2316 -0.12058 -0.4011 0.58225 0.83642 0.74462 0.18288 0.55593 0.28601 -0.35388 
M362+M600 -2.2478 -0.086136 0.75456 -0.50567 -1.4892 2.1886 1.7868 -1.7791 -1.0998 0.43924 -0.14026 3.0462 1.2059 -0.2319 3.2753 0.20864 
M105+UNK 3.1362 0.22426 0.64476 1.8826 -4.0719 1.5011 -0.13519 -1.0785 -1.4239 0.98145 -0.72809 0.51878 0.79666 1.9769 3.8013 -2.463 
M136+M353 -0.19068 -0.035391 0.70729 -0.45315 -0.62531 1.2487 0.60526 -0.37896 -0.34509 1.1329 1.0067 0.81321 0.52011 0.47733 0.35216 -0.30627 
M297+M388 -0.40678 -0.26287 0.43051 -0.55886 -0.053793 1.9143 0.54732 0.3456 -0.88277 1.0784 1.925 2.1181 0.75225 0.3505 0.69882 -0.031838 
M175+M377+M377 -0.31527 0.23028 1.7147 -3.0071 -2.2502 2.7902 -0.74644 -2.324 -1.3151 1.4434 -0.17132 3.5298 -0.52574 -4.1016 -0.11684 -0.07226 
UNK+M383+UNK -0.21599 0.086664 0.60254 -0.19311 -0.53451 1.1818 0.38993 -0.083612 -0.46119 0.67313 0.81715 0.82744 0.24295 0.55985 0.35426 -0.33451 
M002+M379 -1.6056 4.724 5.1057 -0.85308 -0.024449 4.3218 1.5478 -2.4572 1.3182 0.12325 0.71188 0.43975 1.3333 -1.5784 -1.1813 -0.96306 
M136+M153 2.5433 -0.091688 -1.5181 -0.89197 -1.4962 1.9168 1.1245 2.7118 -0.095395 3.0352 2.2973 1.4447 1.4039 -2.5593 0.4124 -1.5719 
M325+M044 -3.9469 1.0305 2.2452 -2.5473 2.5564 2.5572 -4.1144 -0.43044 -2.3478 -0.45362 -1.4222 3.2495 1.3384 2.8616 5.2985 2.7174 
M003+M379 -2.3513 2.2549 4.1267 -0.040481 -1.3388 1.602 0.22748 -0.85538 -0.44209 0.060761 2.0474 0.34279 2.3099 0.84722 -4.0556 -0.71716 
M175+M376 -0.20374 0.025781 0.51893 -0.21964 -0.45455 1.156 0.25982 -0.090367 -0.36499 0.56884 0.81952 0.79166 0.27347 0.5949 0.26854 -0.26645 
M009+M346+M009 1.4436 -2.5369 0.36604 -3.1673 1.4736 -2.4523 -2.2564 1.4851 9.6086 5.7757 5.3976 5.4167 -2.5752 -0.99341 -0.84887 -2.3491 
M153+M075+M153 0.026833 -0.063739 0.27822 -0.82934 -0.70491 1.505 0.55114 0.40997 -0.96911 1.0745 2.4829 1.3465 1.1354 0.43769 0.4854 -1.1082 
M343+1(N30C) -2.2985 3.7859 4.306 1.1436 -2.2274 -4.9853 -2.541 0.76374 2.2885 -3.1048 0.00046316 6.3821 -0.31698 -0.77029 -2.5982 5.1647 
M153+M320+M153 -0.095936 -4.0136 1.9725 -2.5326 3.3539 2.6775 -3.6403 -4.2394 1.2652 4.489 2.3908 3.8354 0.3742 4.7731 2.8908 2.8361 
M327+M044 -2.228 -0.85432 0.65764 -1.6563 -0.93726 0.34908 1.5423 -1.5945 -0.55635 1.8445 1.2123 2.1564 -0.63736 -0.95605 0.89947 0.39144 
M288+1(N39B) -1.713 0.093107 1.7208 -0.42686 -1.6473 0.69984 1.9177 0.4644 -1.2965 2.3287 2.2637 0.38303 3.2827 1.6025 -1.8975 -0.83944 
UNK+M131 -1.825 -0.38977 0.096574 -0.56348 -0.86197 1.6899 1.4733 -0.45146 -1.2177 1.1092 2.059 0.98428 -0.95792 0.079836 1.6977 0.5688 
M153+M029 -0.21639 0.0083284 0.50087 -0.17472 -0.56093 1.1619 0.29709 -0.013789 -0.41463 0.52195 0.78203 0.80386 0.28259 0.58869 0.17101 -0.29576 
M348+M346 -1.1239 3.1828 3.3214 -1.2313 0.43331 3.1682 1.6007 -2.0619 0.74495 0.12456 0.60503 0.5992 0.26159 -1.779 -0.99568 -0.30013 
M228+M288 2.4029 -0.094844 -0.76186 -1.618 -2.2338 1.8145 1.2236 2.0102 -0.1023 3.5325 2.6188 1.0677 1.7216 -1.6453 0.47489 -2.4972 
M260+1(N14) 2.3871 0.49707 2.5567 4.164 -1.01 2.0052 0.011774 -0.31851 2.1181 6.1444 0.4864 -2.1654 2.6871 3.1688 -0.5071 3.5707 
M327+M057 -2.1641 1.3502 1.653 4.4228 1.0352 -0.55577 0.3737 -0.028181 -1.7605 -0.92187 0.8486 5.9464 -0.8869 -2.9625 0.73398 1.7813 
M036+1(N30D)+M343 -0.27659 -0.4332 0.26485 -0.54996 -0.29424 1.9519 0.62697 0.37145 -0.83496 1.377 2.1381 1.9127 0.76486 0.46023 0.93371 -0.028656 
M157+M059 0.4708 0.87364 -0.30182 2.3111 0.69046 2.7232 3.4214 3.8072 3.2895 0.594 1.1403 2.8432 -5.7533 -0.13054 0.30157 3.8487 
M370+M373+M370 -0.12944 0.10452 0.039667 -0.7239 -0.33074 1.4797 0.20061 0.78644 -1.1168 0.63577 2.5669 1.3428 1.024 0.34899 0.64106 -1.37 
M304+M041 -3.6699 -0.5543 3.4671 -2.4125 -5.0001 2.3517 -1.7835 -0.12554 1.5784 1.4087 2.6044 -0.51725 -3.0998 4.2557 -2.0898 4.9602 
M327+M074 -0.29373 -1.0225 0.5214 3.3474 -0.75478 -0.063453 0.031147 2.7418 -0.058553 -0.78634 2.7367 1.0623 -7.2105 3.6619 -1.7095 -4.3124 
M009+M320 -1.8031 2.6818 -2.9695 -3.4553 1.8233 -1.8474 -5.0546 1.502 4.0082 -5.9423 5.2326 0.14088 3.0872 -0.80189 2.5341 -0.84771 
M175+M325 -0.26035 0.013445 0.58773 -0.25202 -0.60009 1.0808 0.20828 -0.044599 -0.35442 0.59396 0.70863 0.79367 0.23902 0.65185 0.25096 -0.39774 
M096+M139 6.8267 -0.17359 -1.8359 -6.1415 -4.6306 -6.8393 -2.7429 0.77493 3.3993 0.64205 0.43597 1.7622 -0.30622 3.9051 4.716 -5.733 
M377+M383+M377 -2.7414 -12.384 -4.9164 -14.614 -0.3992 2.6792 -0.73713 -3.1045 3.4237 7.3617 4.1953 0.91109 5.4921 2.8914 -6.9296 -4.5753 
M305+M332 1.1091 2.1641 1.6371 3.4453 -4.7012 3.594 1.3791 -1.3206 0.6436 3.4268 0.44629 -2.1535 -0.66329 -4.8367 -1.2515 -0.29253 
M175+M380 3.7175 -0.079308 -3.0861 -0.9027 -2.0963 0.36447 0.55808 2.4247 -0.8052 0.98775 2.8045 1.6671 3.0609 -3.4281 0.052876 -2.6733 
M351+M380 -2.8888 0.025893 2.8258 -1.5987 -1.2585 -0.15891 0.24912 -1.7196 0.0013162 1.0134 2.1287 2.5559 1.5218 -0.49835 -3.3958 0.12774 
M036+1(N39B)+M343 -0.22259 0.031479 0.031679 -0.87315 -0.43921 1.3451 0.19069 0.73547 -1.1361 0.65958 2.6258 1.3021 1.0324 0.4407 0.59988 -1.3488 
M106+M096 -4.0993 -4.2103 -1.9325 -0.51046 -0.80484 -1.4664 2.4969 -3.0798 -0.9135 0.67779 4.4293 0.33392 0.87156 2.4047 -0.60733 1.1596 
M136+M387 -0.70434 -1.3689 0.74857 1.7208 -1.5241 1.2058 1.1407 -0.74047 -1.5854 1.6002 0.66411 3.6794 0.32145 0.099756 1.0545 0.55324 
M386+M111 -0.64657 -0.78762 0.59564 -1.1294 -0.68347 2.0602 0.72423 -0.86963 -2.1235 0.84058 0.55351 2.5985 1.5214 0.5899 0.99878 -0.82669 
M305+M029 -0.19026 0.052582 0.5231 -0.23559 -0.47672 1.1749 0.31145 -0.11887 -0.38691 0.63877 0.80959 0.83355 0.3322 0.45493 0.30032 -0.26154 
M036+M010 1.1749 2.3687 1.695 3.928 -4.8843 3.824 1.6824 -1.1436 0.83251 3.2796 0.25767 -2.45 -1.1378 -4.9054 -1.617 -0.3585 
M317+M269 -1.7446 1.2462 1.6207 -1.332 -1.6933 0.13583 4.7032 -0.42465 -1.0772 2.2642 3.0291 0.64882 -1.4281 -0.18042 0.29231 0.013411 
M362+M041 -5.5508 -0.40041 -1.6267 0.85109 0.24092 -1.0177 2.678 -2.3853 -7.0125 -1.6635 1.362 1.2191 -0.40167 -1.4925 3.3006 -0.42268 
M291+UNK -2.1831 -0.089322 0.67714 -0.65749 -1.5073 2.1027 1.6023 -1.7489 -1.0809 0.48969 -0.16097 3.041 1.2879 -0.41537 3.342 0.0066021 
M167+M131 -1.257 -0.83165 2.4427 -2.6344 -1.9742 -0.24273 0.1222 -3.1063 3.3928 -0.041978 -1.5199 3.3748 0.29376 2.847 0.90064 -1.1207 
M260+M265 2.9383 0.30881 -0.93875 0.1823 -2.7716 3.3588 -1.7 2.0574 2.1033 -2.4905 2.209 -1.1375 -5.64 4.5597 2.6848 -2.4754 
M157+M340 2.646 -1.336 2.3249 -2.543 0.98665 1.2146 -5.4636 -0.24933 -2.1873 3.2104 0.63825 2.1652 -0.13682 1.0728 -3.5771 0.49283 
M362+M005 -5.6241 -0.35146 -1.5974 0.95811 0.2708 -1.0078 2.7598 -2.506 -7.0679 -1.7543 1.3879 1.2732 -0.43302 -1.6081 3.2818 -0.52397 
M362+M207 -3.507 -3.5859 -2.068 -2.206 4.1062 2.6217 4.8781 -0.84344 -1.728 1.635 1.0384 1.9879 1.2256 3.71 2.731 -0.041488 
M347+M038 6.5408 1.9057 -1.9714 -8.8039 -3.3611 -0.58768 11.22 3.6894 1.11 2.7342 0.64281 0.54096 -2.0451 4.0692 2.5424 1.2391 
M305+M153 -1.162 0.76879 -0.81043 0.80755 1.3961 6.8799 0.27011 4.5849 -1.7323 -4.6828 -0.10836 1.0684 0.26703 3.197 -1.7447 -3.565 
M317+M260 -0.77261 0.256 0.56508 -4.5209 0.61292 0.89083 -5.1182 3.4705 -1.6903 0.17876 6.8477 -0.086388 0.32962 2.6368 -1.7431 -5.0437 
M157+M057 -4.0732 2.461 2.6188 -3.3991 -6.1218 -1.5152 0.86256 2.9202 0.046044 3.3368 1.5732 -3.3404 -2.3324 2.4675 1.0149 -1.5811 
M036+UNK -2.7116 2.2971 4.1678 2.2783 -1.2465 1.6734 -0.032426 -1.0498 -1.0232 -0.29347 1.7566 -0.44759 0.60642 1.7823 -2.2053 -2.1694 
M305+M041 -0.21908 -0.00014994 0.50611 -0.18958 -0.59788 1.1865 0.32535 -0.025053 -0.39337 0.54993 0.86145 0.87934 0.30492 0.55449 0.23112 -0.26944 
M348+UNK 8.1622 0.8094 0.91894 -1.2112 -4.7396 0.22189 -6.2499 -0.0059248 -1.8304 -1.6609 -1.2498 1.4673 2.3628 4.5869 1.9877 -3.0905 
M305+M180 -0.34049 -3.7018 -2.7568 -0.49609 -1.3874 -2.8425 0.5575 0.27578 -2.2454 -0.2829 1.4555 5.6318 -0.46402 -0.041412 1.6488 -2.8479 
M343+M354 0.51671 1.9871 -8.0248 -8.2359 -7.5395 -1.5323 0.76242 3.5078 2.4968 -5.0981 9.2781 0.80539 -1.8269 -8.8538 2.2882 1.1601 
M059+M038 -0.96705 -8.5593 -4.3676 6.2186 -7.3099 -1.8766 11.077 -3.3879 7.6963 5.7132 -2.5511 4.6152 6.1542 -3.5731 -5.518 -0.35285 
M305+M340 -6.4243 -4.6428 -8.8851 -8.033 -0.561 -6.0848 2.6419 -4.4803 -1.7474 -2.8452 5.702 -5.1652 5.7914 4.0904 5.1228 0.12768 
M377+UNK+M377 -0.30306 -0.0017102 0.56617 -0.33814 -0.56886 1.1247 0.30239 -0.12116 -0.38173 0.62501 0.81754 0.78285 0.29143 0.66101 0.33095 -0.35011 
M136+M195 -1.6944 -0.48136 0.10602 -0.65124 -0.69403 1.5723 1.1345 -0.45415 -0.99649 1.3528 2.0405 0.9433 -0.93172 0.19397 1.8018 0.6768 
M304+M304 1.729 2.9226 1.5864 -2.9926 -0.0027996 6.201 -1.4165 2.7304 2.2786 -1.7626 -3.5664 0.60097 2.9838 3.3427 0.56039 -0.10187 
M305+M157 3.8927 3.4385 0.27378 -3.8922 -6.9438 -0.57752 -0.17947 3.6634 8.988 1.2362 -3.4285 7.5299 -3.567 -4.0139 6.2236 8.3789 
M036+M035 -0.62861 3.0226 -5.7506 -3.6487 -1.241 3.8888 -0.74738 1.466 -13.402 -15.5 11.303 -2.598 -5.7487 -0.20301 -5.7856 6.5513 
M175+M157 -3.3346 -0.228 0.62452 -1.4769 -0.01376 3.3841 1.5087 -1.4713 -1.6418 2.0831 3.0822 0.39843 -0.97827 0.32269 3.1937 1.6078 
M347+UNK -4.7862 -0.65338 -2.895 -4.1332 0.15223 0.8236 0.13133 6.0148 2.9613 -0.39185 6.3237 -0.67248 -2.7625 2.5039 0.30072 4.5131 
M036+1(N) -0.23849 -0.37167 0.56838 -0.59869 -0.39702 2.0138 0.8318 0.2339 -0.85835 1.6537 1.9943 1.9626 0.98414 0.52045 0.77863 0.11701 
M370+M046 -0.26234 -0.37837 0.42992 -0.62683 -0.24049 1.9275 0.70465 0.32887 -0.84562 1.4429 1.9618 1.9991 0.6376 0.50516 0.87284 0.049633 
M305+M387 -2.5652 2.8721 0.24438 -4.0468 -2.72 0.94168 1.4489 0.90976 0.30666 -1.504 3.8038 1.7181 -0.98112 -1.9986 3.3518 -2.4998 
M157+M080 2.5825 -0.60532 2.7347 -2.4433 1.3383 0.6944 -0.49007 -4.5484 -1.9944 -0.095872 -1.4371 3.5422 -4.5476 0.14441 -2.5239 -0.91689 
M288+M376 -4.6399 -2.9933 1.0144 -1.0221 -0.063671 -0.56769 1.649 -3.7839 -1.3039 2.6577 -0.83847 1.811 0.52762 0.30062 -0.68458 0.047451 
M157+M348 -2.8945 -3.7118 -2.1653 -1.5949 -0.27465 -1.0592 1.3067 -2.4037 -2.6987 0.41898 2.1139 4.748 -1.6023 -0.55153 3.7601 -0.34931 
M157+M342 -0.44727 -3.8876 -2.442 -0.34691 -0.89004 -2.1879 1.0475 0.10236 -1.8561 0.5444 1.4083 6.0255 -0.64513 -0.056089 1.8182 -1.3882 
