UNK -0.783479 -0.017346 -1.354473 -0.461912 -1.357739 0.804516 -1.057770 0.111418 -0.924713 1.538420 0.223730 0.610108 -0.960467 0.054479 0.642324 -0.082657
1(N01) -0.292342 -0.028968 -1.259493 0.037858 0.434492 0.810473 -0.802924 0.725257 -0.591450 0.647010 0.113254 0.122350 -0.511658 0.088858 0.288781 -0.173843
2(N01) -0.397345 0.069531 -0.276053 -0.101437 -0.795906 0.718581 -0.288678 -0.131132 -0.617790 0.736774 0.138383 0.276291 0.050935 -0.187459 0.803985 -0.156382
1(N14) -0.652845 0.272006 0.233509 -0.665250 0.142303 0.766170 0.036371 -1.836531 -0.684278 1.547502 -0.150849 0.113664 -0.969963 -0.427762 2.432157 -0.147723
M288 -0.790022 -0.107226 -0.183099 -0.691313 -0.955984 0.745119 -0.551744 0.282706 -0.924047 1.195183 -0.330839 0.441147 -0.020492 -0.721825 1.935229 -0.318971
3(N01) -0.167072 0.078706 0.147741 -0.373335 -0.572508 0.308142 -0.682577 -0.337612 -0.443855 0.937034 -0.357814 0.478427 -0.105094 0.026277 1.310914 0.079397
M388 -0.533084 0.158174 -1.920635 -0.621752 -0.093188 -0.552520 -0.057710 -0.177464 -0.886166 0.777324 0.918486 -0.028332 -0.448455 1.031127 0.030135 -0.672457
1(N24) 0.011679 0.604481 -0.614124 -0.277485 -1.310023 1.991405 -0.378561 1.294741 -0.464472 1.349769 0.127580 1.341174 1.070104 -1.677989 0.241754 1.922037
M218 -0.535454 0.054384 -1.375391 0.396250 -0.263186 0.590927 -0.150283 0.837981 -1.702192 0.316866 0.589782 0.374911 0.692673 0.561982 1.249395 -1.553101
M387 -0.341789 1.074190 -1.233945 -0.146136 -0.773556 0.482563 -0.766295 -0.029537 -0.435244 0.838710 0.682371 0.357688 0.419468 0.984385 0.225505 0.139274
4(N01) -0.645971 0.820438 0.475889 -0.801469 -0.292158 0.697306 0.090550 -0.769060 -0.942285 0.590973 1.103534 0.528770 -0.398112 -0.311754 0.909780 0.606100
1(N39B) -0.075105 0.672177 -0.658868 -0.803615 -0.201378 0.731488 0.131928 1.468939 -0.435790 1.497971 -0.990948 1.708159 1.575032 -1.611756 0.670919 1.491461
2(N39B) -0.232520 0.754468 -0.206345 -0.727261 -0.892218 1.135187 -0.398942 1.470305 -0.769976 1.359864 -0.388180 1.721099 1.586270 -1.205906 1.058989 1.396563
5(N01) -0.119530 0.818670 0.130981 -0.160600 -1.040581 0.221192 -0.127323 -1.728491 0.109533 1.573335 -0.093864 0.633442 0.156310 0.196666 1.142069 0.791215
M297 -0.233884 0.965922 -1.093601 -0.410233 0.504604 0.806324 -0.328227 0.509966 -0.195458 1.241541 -0.095799 1.001758 0.479573 -0.447976 0.460064 1.109140
M263 0.247585 -0.297269 -1.223223 0.715027 -1.542000 0.045227 -0.983878 0.361100 -0.673817 0.347756 0.681608 -0.146662 0.209996 1.151154 0.196488 -1.257133
2(N14) -0.640814 0.375287 1.366229 -0.992140 -0.160319 1.033620 -0.616367 -0.755145 -0.722147 0.635545 0.311079 0.179645 -0.565449 -0.459538 2.298175 -0.083516
M157 -0.004550 -0.004201 0.224937 -0.392692 0.172223 -0.819451 0.293683 -0.245510 0.305939 -0.256261 -0.152844 0.378110 -0.239666 0.342499 -0.409730 0.406657
M371 -0.260853 -0.191382 -2.172722 0.899146 0.408401 0.813027 0.750267 -0.472049 -0.563395 0.956310 -0.010799 0.008982 -0.321517 -0.446421 0.114282 -0.497535
1(N30C) 0.111100 0.436321 -0.511761 0.164734 -1.105058 1.935470 -0.656592 0.926039 0.010633 1.197593 0.099428 1.186010 0.057890 -1.531681 -0.928540 2.238103
M124 -0.367482 0.192067 -0.812834 1.190057 0.954191 1.398801 -1.316952 0.705047 -0.577512 -0.233970 -0.115611 -0.017670 -0.746739 0.507590 0.522021 -0.931511
M054 -1.388383 0.855952 -0.473272 -0.927825 0.630936 0.455332 -0.173372 -0.861047 -0.314742 -0.120709 -0.021749 0.408890 -1.408058 0.397393 -0.069331 0.435190
M346 -0.091336 0.580617 0.870185 -0.175592 -0.372756 0.976362 -0.779855 -1.087438 -0.715176 0.311903 1.387564 0.012316 -0.360099 0.640933 0.799155 -0.142157
M066 0.074096 0.133931 -1.195701 -0.401207 0.338953 -0.697205 -0.858508 0.577555 -0.770875 0.993266 0.091930 0.080616 0.658956 1.095876 1.128086 -1.119451
2(N30C) 0.072491 0.361025 -0.522761 -0.430278 -1.510518 1.735097 0.026340 0.957008 -0.356424 0.978801 0.947140 1.176562 0.784575 -1.763774 -1.154143 2.366624
M009 0.094848 0.577469 -1.655820 1.411743 0.892304 1.151274 0.306967 -0.917752 -0.587582 0.689446 0.342044 0.530795 -0.052982 0.466839 0.562796 -0.205996
3(N39B) -0.512950 0.840419 0.018212 -0.753168 -0.392081 1.264041 -0.186899 1.009734 -0.637228 0.858703 -0.523128 1.719588 0.835212 -1.201429 0.766113 1.561313
M096 0.125963 -0.239221 -1.161096 0.124814 -0.742902 -0.228893 -0.824237 0.176791 0.260990 1.265884 -1.132607 -1.035396 0.208456 0.146739 0.938988 -0.779962
6(N01) -0.147180 0.812985 0.752557 0.042030 0.519624 0.693970 -0.589868 -1.978223 -0.352336 0.508146 1.622835 -0.778247 -1.371958 0.166058 0.333983 0.605619
M376 0.148635 -0.004232 0.500120 1.683337 0.303387 1.403879 -1.464600 -0.778372 0.031687 0.420486 -0.343995 -0.031752 -1.021538 0.405525 0.692713 0.198009
1(N34) -0.284049 -0.450214 1.567539 -0.551483 -2.305118 0.601166 -0.454217 -1.051623 0.462043 -0.151820 0.060796 -0.270609 -1.241880 -0.712106 0.572858 0.170558
1(N30D) -0.103327 0.495345 -0.501587 -0.472162 -0.837907 1.705497 -0.240418 0.752657 0.146130 0.779843 0.757438 0.871141 -0.354514 -1.523388 -0.825482 2.537938
3(N14) -0.643410 0.013610 1.136854 -0.493884 -0.105472 1.023899 0.103090 -1.247077 -0.624692 0.671275 -0.365316 0.041027 -0.954448 -0.890413 1.782789 -0.088571
M057 -0.305534 -0.011596 -0.321538 -0.908712 0.016409 -0.178152 -0.406287 0.532262 -1.057471 0.431361 0.689120 -0.485160 -0.290124 0.475635 0.472527 -0.930401
4(N14) -0.627998 0.260215 1.546682 -0.963494 -0.392956 0.861583 -0.084650 -1.290628 -0.420283 0.633322 -0.334914 0.426253 -0.578091 -0.810557 2.221937 0.191389
M367 -0.094655 0.174753 1.010449 -0.033400 -0.234313 0.674715 0.515570 -1.513531 -0.784494 0.035483 0.695527 0.422276 -0.861520 0.110977 -0.361915 0.502713
M001 -0.268065 0.768152 0.083330 -0.108590 0.040463 0.453333 -0.538377 -0.353543 -0.038793 -0.158841 0.789588 0.000752 -0.416523 0.810140 -0.115710 0.468664
M305 -0.596835 0.056048 -0.672955 -0.731336 -1.014976 -0.155195 -0.269607 0.249941 -0.787096 -0.021329 1.291290 0.235570 -0.629301 0.712566 -0.960712 0.255625
M036 0.307829 1.498865 0.058284 0.313297 -1.945278 1.056885 -0.777177 -0.440905 0.505962 0.711230 -0.467817 0.215176 1.255882 0.459537 -0.603164 1.367361
M032 -0.259904 0.014520 -0.379971 -0.236761 0.556890 -0.629448 -0.070598 -0.696145 0.118263 0.556026 0.224030 -0.802031 -0.707469 0.622829 0.582574 -0.826585
M370 0.057648 -0.093546 -0.226875 0.571560 1.510749 0.831256 -1.306191 0.891127 0.029702 -0.457574 1.001878 0.063490 -1.404507 0.330890 -1.193762 0.446872
1(N45) -0.183622 -0.914420 1.628800 -0.625561 -1.787054 0.765871 -0.129113 -0.318327 -0.173313 0.210302 -0.798352 0.367465 -0.883385 -1.680442 1.189940 0.573788
8(N01) -0.262188 0.271388 0.260028 0.099548 -0.690057 0.864674 0.277177 -0.850611 -0.184873 0.105651 -0.012672 0.419106 -0.036453 -0.862985 0.508163 0.434675
7(N01) -0.021865 -0.248458 0.674685 0.218345 -0.417019 0.701573 -0.016741 -1.618843 0.054952 0.380488 -0.126752 0.131370 -0.110660 0.106308 0.852687 -0.127082
M003 -0.005497 -0.372595 -1.135877 0.799397 0.309220 0.280183 0.758156 -0.945795 -0.381445 0.160338 0.745575 0.232554 -0.895233 0.056548 -0.719609 -0.032697
M004 -0.287834 -0.189004 -0.721705 0.854051 -0.705067 0.367177 0.063905 0.286888 -1.538567 -0.426125 1.162403 0.173501 0.759284 1.045145 0.391948 -1.567272
M377 -1.014693 -1.001906 -1.676345 -0.298648 -0.457499 0.640453 0.505205 1.037183 -1.151613 -0.115597 0.284178 -0.557000 -1.025967 -1.008450 -0.756538 -1.040753
M354 -0.989644 0.155929 1.049966 -2.347496 0.159844 -1.264263 1.310076 -1.443816 0.350046 0.647663 0.398287 -0.225183 0.350516 -0.704836 1.160161 0.263357
4(N39B) -0.171241 0.496772 0.078254 -0.664095 -0.407068 1.338633 -0.098979 0.908944 -0.397160 0.892812 -0.356871 1.352322 0.813721 -1.584546 0.563140 1.743937
5(N14) -1.032156 -0.121354 1.334244 -0.840970 -0.820345 0.363230 0.406898 -1.323276 -0.215016 0.344883 -0.296715 -0.097659 -1.031818 -0.823851 1.193662 0.462305
M352 -0.208538 0.233756 -1.015390 -0.389790 0.542894 -0.720670 -0.178255 0.485298 -0.814922 0.463791 0.571842 -0.138457 0.064032 1.047280 -0.029349 -0.582832
M072 0.478206 -0.623803 0.710057 0.012347 1.633189 -0.134458 -0.441501 -0.134597 0.615961 0.498833 -0.058100 0.205866 -0.835832 -0.543896 -0.497985 0.703962
M036+1(N30D) -0.037687 0.267427 0.198728 -0.195091 -1.526503 -0.220840 1.413676 -2.391262 0.629368 0.837181 0.769676 0.011421 0.490609 -0.230162 0.102153 0.970769
M269 0.226798 0.561105 -0.055948 0.856599 -0.114345 0.553616 -2.317451 0.464190 0.921895 0.859754 -1.028831 0.038249 -0.787342 0.637685 0.748349 0.318496
M136 -0.851102 -0.137350 0.246361 -0.435632 -0.184139 -0.096246 -0.064574 0.120787 -0.059744 -0.464465 0.195769 0.239843 -1.083101 0.108410 0.029095 -0.009716
M206 0.069410 0.268365 1.029649 -0.740923 0.510204 0.626463 -1.480977 -0.199247 0.269837 -0.471648 0.626941 0.391854 -1.011419 0.229849 -0.509092 1.040015
M219 0.956569 -0.436944 -0.942064 0.344713 0.194761 -0.150049 0.110161 0.215966 -0.666143 0.772892 0.527200 -0.189153 0.650176 0.007436 0.655002 -0.752435
M056 -0.031713 -0.223605 1.795721 -0.439621 -1.709888 -0.114177 -0.138152 0.007504 -0.078076 -0.113271 0.092042 -0.363792 -0.381367 -0.264241 0.328009 0.175525
M347 -0.429333 -1.288645 -2.930653 -0.406569 -0.307120 -0.279756 1.934176 0.347258 -1.248135 0.982828 0.456512 -0.877094 -0.411452 -1.231817 -0.996837 -1.306382
M038 -0.215661 0.582041 0.325472 -0.564202 -0.722569 -0.489877 -0.379976 0.247484 0.517281 -0.333282 -0.042614 0.119856 0.045250 0.625557 -0.423116 0.537931
M048 0.751358 -0.904666 -0.927687 0.640168 -0.027582 0.080455 -0.928617 0.786797 -0.454622 0.588436 0.305906 -0.948657 -0.336310 0.285559 -0.033954 -1.141915
M059 -0.429132 0.156796 0.263237 -0.569717 0.600537 -0.303951 0.334959 -0.272399 0.404682 -0.050958 -0.426896 0.395099 -0.502294 -0.311957 -0.277145 0.571908
6(N14) -0.738185 -0.201965 1.449840 -1.567497 -0.675010 0.352254 0.184864 -0.905005 -0.180977 0.570334 -0.263909 0.319902 -1.134087 -1.261780 1.083181 1.027084
M010 1.547069 -1.169526 0.058211 -1.261881 -0.282720 0.175433 0.325669 -0.314841 -0.689207 0.982222 2.108310 0.708869 -0.220891 -1.624973 -0.380014 0.010621
9(N01) 0.145833 0.961349 0.424880 0.282726 0.772989 1.039262 -0.515730 -2.085062 0.325948 0.634151 1.090357 0.421728 -1.419079 0.487501 0.341821 1.307654
M262 0.556763 -0.513916 -1.023099 0.838375 -1.851543 -1.034439 0.606750 -0.698287 0.940961 0.814821 -0.863176 -0.862026 1.136983 0.216537 0.304183 -0.975440
M373 -0.466336 -1.381218 1.915990 0.293458 -1.337248 0.049625 -2.438319 -0.645420 0.040202 -1.975339 0.450791 -2.468550 -3.282757 1.244424 -1.094198 -1.703500
M386 -0.531833 -0.380789 -1.393865 0.682171 0.002584 0.434269 -1.555376 1.488872 -0.063379 -0.251762 -1.385217 -0.453809 -0.041282 0.313420 0.615158 -1.433757
M102 1.407633 -0.563902 0.727164 2.026064 -3.521050 1.120709 0.075133 -1.458251 0.751676 0.381326 1.146389 -2.618552 1.146926 -0.061122 0.150092 -0.423651
M203 -1.255367 -0.047669 -0.133113 0.011221 1.289787 0.782899 -0.220927 -0.310120 -0.071927 -0.783117 -0.343788 0.161881 -1.799776 -0.135104 -0.063972 0.381291
M259 -0.217531 -0.584322 -1.436663 1.036555 0.025803 -0.082553 0.706575 0.430490 -0.494022 -0.322649 0.027405 0.200680 0.780002 0.141326 0.255080 -1.348602
1(N08A) 1.763086 -0.876913 2.155768 2.955447 -0.713477 2.365929 -0.706362 -0.627649 0.992371 0.395884 0.211839 -0.725662 0.727611 -1.695453 0.213673 1.095388
M106 0.102787 -0.374597 -0.733092 0.861556 -1.555465 1.034080 0.024830 -0.851748 0.505919 0.745355 -0.257996 0.688363 0.445504 -0.835041 -0.064687 1.418366
M260 0.027859 1.329996 -0.815265 0.722978 0.216498 0.875273 -0.624946 -0.471050 0.905165 -0.190324 0.036478 -0.099279 -0.063808 0.696587 -0.314299 0.206890
M005 -0.115005 0.328245 -0.035879 0.089099 -0.100598 -0.523451 -0.952707 -0.809127 0.618097 0.272557 -0.437436 0.103879 -0.784891 1.217630 -0.307170 0.222454
M240 -0.241423 -0.788323 -0.915218 -0.485977 -0.370501 -0.183866 -1.235310 1.517566 -0.491545 0.281954 -0.604694 -1.680747 -0.937338 0.060951 0.594079 -1.407359
M149 -0.511642 -0.163868 0.283409 0.323194 0.209330 -0.447191 0.877933 -1.310789 0.016313 -0.549678 0.431656 0.075600 -0.100459 0.343166 -0.257524 -0.589204
2(N45) -0.705292 -0.352504 2.258706 -0.756602 -2.153145 0.625435 -0.366343 0.236540 -0.307374 -0.460696 0.284622 -0.356169 -0.300133 -0.788159 1.243647 -0.233588
M024 0.127495 -0.735819 -1.897979 1.285571 -0.100434 0.249661 0.019928 0.016247 0.412766 -0.138164 -0.980122 -0.465122 -0.609630 -0.224783 -0.762712 -0.942985
M295 -0.014590 -1.249521 -0.753253 -0.013012 0.028770 -0.903262 0.776030 1.392691 -0.366219 -0.082220 -0.366691 0.205833 1.204257 -0.828738 0.671045 -1.589630
M317 -0.836324 0.150897 -0.509420 0.457662 0.566932 0.332821 0.161649 -0.279249 -0.052971 -0.641999 -0.587001 -0.119893 -0.876412 0.183973 -0.237123 -0.325672
M111 -0.618335 0.036940 -0.476161 -1.105333 -0.219121 -1.040260 1.188623 -0.387042 -0.099312 0.061433 0.366726 0.122416 0.014281 0.070472 -0.857449 0.453285
M243 0.356053 -1.141589 0.260087 -0.279154 0.445046 -0.180248 -0.126527 1.739574 0.393903 0.482361 -1.700732 0.479001 0.027180 -1.977683 0.029747 0.460889
M153 -0.290839 -0.278517 0.524384 0.448870 0.274754 0.396004 1.004355 -0.280753 -0.604561 -0.964977 0.812171 0.152848 -0.088622 -0.174472 -0.789460 -0.332926
M365 0.140536 0.314089 -0.274541 -0.535757 1.899292 -0.125782 -0.944221 -0.408885 0.899854 1.127539 -0.352740 0.596379 -1.930161 -0.243528 0.060417 0.402775
M264 -0.202975 1.023222 0.673262 -0.091959 0.353125 -0.131911 -1.229590 1.173588 0.465701 -0.756458 -1.462633 0.274241 1.399182 0.825033 0.680348 -0.161273
M304 -0.770642 -0.156515 -0.218241 -0.200858 -0.561356 0.034487 0.660927 -0.094850 0.426261 -0.305418 0.323689 -0.374657 -0.065591 -0.656837 -0.350713 -0.131549
M309 -0.739047 -0.866067 -0.258742 -1.347583 2.800296 -0.678808 -1.586665 -0.073746 0.689269 0.156363 -1.483354 1.238425 -3.794862 -0.161070 -1.689245 2.124379
2(N34) -0.783519 -0.366800 2.267672 -0.718163 -2.565168 0.335045 -0.921908 0.508315 0.281536 -0.712902 -0.563069 -0.034533 -0.406157 -0.647731 0.220450 0.299034
M101 2.296995 -2.563360 -0.751021 -0.435840 -0.130726 -0.583486 -1.024519 -0.036345 0.309595 0.624832 0.179887 -0.284338 -0.169784 -1.358788 0.716519 -1.734598
M146 -0.149072 -0.574039 -0.750055 0.465718 -0.311180 -0.275900 0.275833 0.136634 -0.561344 -0.477323 0.943421 -0.651820 -0.335154 0.533458 -0.593274 -1.067411
M292 -0.281960 0.289419 -0.488438 -0.087149 0.173213 -0.380279 0.034679 -1.028209 -0.199394 0.202275 0.330750 0.086001 -0.530750 0.877007 -0.222239 -0.309654
M320 0.377728 0.143382 0.011480 -0.184099 0.465448 -0.243845 -0.783374 0.623536 0.062723 0.124780 0.409461 -0.347690 0.539427 0.493970 -0.113016 -0.072137
M145 0.134285 -0.117659 -0.687930 0.194311 1.013966 -0.214670 0.668015 0.320651 0.149265 0.310802 -0.338522 0.486901 0.552893 -0.592352 -0.223259 0.255236
M242 -0.140970 0.068159 -2.026812 0.397547 -0.081580 -0.805139 0.285069 0.150320 0.630872 0.479602 -1.698507 -0.275795 0.146133 0.307721 -0.054893 0.022034
M362 2.295145 -1.910357 0.627614 -1.892476 -2.155670 -1.333745 -1.908864 -1.892575 1.473077 0.613219 0.712125 0.764891 -2.590127 -0.327524 0.657159 0.987868
M318 -0.072529 0.459168 -2.525597 1.428018 1.393020 1.479795 0.676327 -1.099806 -0.165966 0.361223 0.267156 -0.036120 0.034497 -0.041590 -0.564633 -0.265872
M380 -0.112061 -0.510239 -1.868835 0.778244 -0.551591 -0.085550 -0.043727 -0.717080 0.495232 0.543606 -0.912057 0.026935 -0.390831 0.113854 -0.563432 -0.246885
M097 0.797266 -0.710553 -0.217541 1.749439 -0.213078 0.306149 0.016789 0.916538 -0.663751 -1.108656 1.624176 -0.341799 0.351834 0.652120 -0.552013 -0.312362
M131 0.113944 -0.530996 -0.312062 1.308585 -0.177393 0.084688 -1.375661 1.492697 0.030291 -0.397634 0.255303 -0.426434 -0.283588 0.666436 -0.783783 -0.614460
M338 0.800621 -0.442887 -1.751385 0.807022 0.743260 -0.509787 -0.746121 -0.034945 0.356940 0.855867 0.198048 0.351657 -0.004872 0.807935 -0.172690 -1.180232
M002 1.745662 -0.887227 0.406680 -0.194728 0.712848 -0.998465 1.146227 -0.204930 0.875820 0.554113 0.534519 -0.719820 0.124030 -1.648903 -1.834159 1.680689
M006 0.999398 -0.330301 0.387217 0.865533 -1.421564 -0.507916 0.319970 0.002949 0.457444 -0.156536 -0.290771 -0.625869 -0.848611 0.416415 0.225547 -0.003007
M223 -0.291670 -1.082393 -0.105189 0.489587 0.692800 0.163087 1.150445 1.088712 -0.681717 -0.730703 -1.128763 0.117058 0.368110 -1.343730 0.328675 -0.940506
M327 0.754098 -0.295052 0.417539 -0.728143 -1.564053 -2.645801 -0.538910 -1.433334 1.526407 0.527337 -0.727331 -1.265535 -0.691617 1.481676 0.516131 -1.014344
M210 -0.411022 -0.272325 0.151983 -0.040434 0.915176 -0.168989 1.080999 -0.869310 0.071638 -0.260066 -0.811239 0.409268 -1.190756 -0.365777 -0.567264 0.946097
M254 -0.322171 -0.594920 -0.517314 -0.940898 -0.415206 -2.233140 -0.092392 0.271404 1.069557 -0.235250 -1.655230 -0.649189 -1.491246 0.588474 -1.539999 0.413788
M325 -0.935305 0.633453 0.296422 -0.484240 0.149532 -0.516107 -0.058158 0.297637 0.186723 -1.094995 -0.777942 0.847409 -0.223812 0.750698 -0.465014 0.523032
M075 -1.229298 0.711165 1.384946 -1.707973 2.049337 -1.270964 1.354740 0.999491 -1.236702 -1.505307 -0.586172 2.337262 0.912953 -0.063186 -0.121865 -0.707170
M341 -0.079272 -1.162362 0.426465 -0.249474 -0.709697 -0.799327 -0.268689 0.303519 0.140495 -0.359448 -0.272572 -0.911379 -1.341149 0.099918 -0.155439 -0.561718
M348 -0.585006 -0.191522 0.849587 -0.941964 -0.374642 -1.546706 -0.082969 -0.426233 0.152960 -0.115899 -0.263744 0.251669 -0.320405 0.753344 0.762902 -0.709796
M384 -1.008622 0.869526 0.963415 -0.558583 0.444981 -0.277312 -0.686928 -0.802756 0.999741 -0.530607 -0.890216 -0.509207 -1.144181 0.887720 -0.146837 1.267725
M099 -0.233500 -0.218980 -1.466824 -0.235115 -0.350654 -0.231662 0.844985 0.585687 -0.703296 0.693189 0.324311 -0.014194 0.479302 -0.361287 -1.056041 -0.296548
M136+M365 -0.402428 -1.005789 -0.236686 0.329720 0.396249 0.355845 0.280847 -0.793405 0.893110 -1.127249 0.166939 -0.579305 -1.650322 -0.848333 -0.941453 0.129068
M314 0.746025 -1.047832 -1.339062 0.273638 0.415873 -1.246940 -0.703211 0.086704 0.417160 1.016984 -1.035781 -0.159846 -0.372790 0.418053 0.208946 -0.399446
1(N39C) 1.974147 -2.038278 -1.747708 1.796626 0.827231 1.788327 -0.440210 -0.146053 0.428784 1.226616 -2.101600 -0.399301 -0.512358 -3.420087 -1.065007 1.126146
7(N14) -0.482662 0.156530 1.896676 -1.338296 -0.437684 -0.192332 0.685163 -0.585864 0.002238 0.168715 -0.779654 0.407761 0.202696 -0.943455 1.564006 0.714602
M033 0.220502 -1.172230 -1.166751 0.666683 -0.496289 0.747777 -0.109689 -0.306182 0.288308 0.132074 0.221929 -1.339728 -0.991704 -0.979919 -1.039650 -0.905386
M081 1.117594 0.122146 -0.462352 1.026655 -0.669766 0.427210 0.460342 1.299681 1.235996 0.353060 3.469430 -1.036570 2.963565 -0.414187 0.618492 -1.548898
M217 -0.863874 -0.412210 0.011505 0.025796 1.023244 0.313020 -0.184654 1.490344 -0.305112 -1.557971 -0.288175 -0.187912 -0.454673 -0.025667 -0.553046 -0.886851
M329 -0.427722 -0.716225 -0.696446 0.498757 -0.622994 -0.533008 0.047884 0.396137 0.022488 -0.167491 -0.359083 0.065274 0.292488 0.320714 0.017024 -1.525850
N -1.120473 0.785840 -0.844360 -0.163520 -1.263077 0.379948 -0.934228 -0.543822 0.828826 -0.833007 -1.789170 1.268860 -1.478301 0.797369 -1.286457 1.403556
M128 -0.748891 0.536496 -1.637276 -1.163290 -1.306836 -1.824889 0.657679 0.543462 1.148694 -0.586197 -1.074382 -0.706579 -0.806155 0.845583 -1.431073 0.485617
M139 -0.874431 0.426258 -1.059715 -0.709756 0.337928 -1.602776 0.951179 -0.418700 0.259859 -0.569837 -0.069327 0.652531 0.200422 0.951418 -0.551672 -0.283716
1(N23) -0.393806 -0.166950 1.307983 0.891731 -1.517721 1.729150 0.167713 -1.105755 -0.918106 -0.143229 0.510625 1.349892 0.699287 -0.525448 -0.083074 1.309908
M301 0.202730 -0.540199 0.504457 -1.310421 -0.038256 -1.426927 -0.561395 1.657766 -0.541156 -0.234979 0.745581 -0.188814 0.655469 0.464610 0.226928 -1.237120
8(N14) -0.414095 0.591528 1.794400 -0.894055 -0.488477 0.299214 0.733016 -1.464003 0.817202 -0.075322 -0.096264 0.151724 -0.677527 -0.756965 1.055541 0.849911
M029 -0.414992 -0.063391 -0.371660 -0.396343 0.161827 -0.595081 0.064625 0.959080 0.354878 -0.819238 -0.914119 -0.782785 -0.304210 0.069223 -0.327274 -0.166365
M265 0.011444 1.123480 -0.557875 -0.528144 0.926772 -0.189034 -0.529782 0.184959 0.346905 0.377091 -0.592658 0.448232 -0.457495 0.589129 -1.415847 1.279035
M332 0.478093 -0.772934 -1.301505 0.709194 0.202652 -0.705123 0.719704 0.066488 0.111025 0.425676 0.414049 -0.647471 0.096142 -0.143563 -0.158335 -0.951130
M372 -0.356876 -0.290521 -0.291305 -0.580334 0.817407 -1.086603 0.820984 -0.287761 -0.261055 -0.076756 -0.168743 -0.355087 -0.381266 0.222949 -0.132597 -0.492220
M041 -0.300891 0.099381 1.607561 -0.113598 0.663477 0.615952 -0.801647 0.792096 0.235631 -2.201570 1.207371 0.523461 0.030239 -0.154144 -0.949397 -1.011047
M046 -1.564407 -1.079565 -0.199989 -0.052767 0.137841 -1.253068 1.619813 0.960455 0.155315 -0.748658 0.246452 -0.879515 -1.603200 -0.505098 -1.050747 -0.168942
M218+M288 0.074973 -0.532521 -0.050740 0.547523 -0.680975 -0.852473 0.591856 0.295796 0.051823 -0.156156 -0.642724 0.310326 0.659924 0.070954 0.809444 -0.504098
M175 0.937089 -1.041569 1.173890 1.873793 -0.486324 0.454472 0.953281 -0.790398 -0.077913 -0.878216 0.711264 -0.389091 0.055260 -0.268905 0.130395 -0.141828
M327+M342 0.183483 0.167136 -0.142747 1.590652 1.157290 -0.084288 1.160505 -1.955421 1.296875 -1.122103 -1.297164 -0.527032 -0.460688 0.968559 0.113750 0.067805
1(N30C@B) 0.799825 -0.669422 -0.549936 1.161598 -1.181969 -0.707861 1.708706 0.386078 1.328560 0.501241 -1.369417 -1.088379 0.399902 -1.318475 -1.880774 2.013403
M051 0.912569 -1.004864 0.839528 0.079442 0.214656 0.148092 -0.163629 -0.402342 0.305939 -0.348374 0.224652 -0.771059 -0.828728 -0.560867 -1.210873 0.344554
M266 0.473504 1.245338 0.879944 1.769307 1.063220 1.603013 -1.555393 0.064405 0.356015 -1.073195 0.113776 0.689251 0.635767 1.202329 -0.491827 1.071479
M195+M057 -1.490796 -0.419333 -0.515883 -1.781342 -0.603608 -2.634307 0.305818 -1.131291 0.838214 -0.598966 -0.524727 -0.265413 -1.672833 1.175397 -0.877147 -0.163666
M281 0.188409 -0.571533 -1.162563 1.241962 -1.150632 0.539709 -0.773946 0.831968 -0.179265 0.164534 -0.114259 -0.587922 0.090876 0.260161 -0.840157 -0.371690
M296 -0.044427 0.370755 0.456632 -0.214524 1.237793 0.564008 -0.021962 0.537221 -0.910410 -0.840963 0.858919 0.566351 0.217839 0.225165 -0.508421 0.503787
M390 -0.539883 -0.051213 -0.792383 0.250039 0.201234 -0.540165 0.987091 0.908321 -0.620875 -0.813295 0.094523 -0.060690 0.012837 0.307683 -0.624729 -0.811482
M391 0.924835 -0.414851 0.147017 0.656968 -0.412002 -0.450453 0.798946 -0.152833 1.642180 -0.922062 -0.131043 -1.239761 0.306478 -0.496232 -1.919179 0.131320
M106+M288 -0.111616 0.560687 -0.419555 -0.049853 0.044221 -0.847019 -0.655871 0.763530 0.139105 -0.377261 -0.142994 0.514011 0.529041 1.227339 -0.299531 -0.131232
M195 -0.357051 0.197280 0.176455 -1.859210 0.407206 -1.587514 0.448342 0.334364 0.667001 -0.256075 -0.070011 -0.143298 -0.131784 -0.100120 -0.357820 0.150847
M246 -0.369407 -0.696277 1.569262 -0.462229 -0.076386 -0.990452 -0.405870 0.940555 0.000199 -1.531097 -1.254652 -0.100625 0.385312 0.192353 0.567356 -0.611802
M105 -0.324139 -1.291749 0.043389 -0.319527 -0.064934 -0.195903 1.705486 0.331834 -0.855850 -0.762382 0.348630 -0.236976 -0.712697 -0.905330 -0.622555 0.107873
M147 -1.558933 0.204500 -0.421159 -0.834344 -0.522376 -2.164154 0.951492 -1.483299 1.046521 -1.298844 -0.427278 -0.298486 -0.562266 1.511561 -0.114272 -1.081537
M207 0.966173 -0.582077 1.061879 -0.073869 0.920473 -0.388025 0.277485 0.223514 0.184343 -0.195607 -0.246586 0.045315 -0.276988 -0.470799 -0.719229 0.985028
M247 -1.488926 -0.448942 0.211704 -0.594577 0.691314 1.621368 -0.337135 1.771478 -1.742298 -1.126142 0.526063 -0.549112 -1.969157 -0.920295 -0.001950 -0.222215
9(N14) -0.412890 -0.631222 1.755705 -0.703212 0.104090 0.137872 0.808063 -0.655597 0.120349 0.043416 0.557033 -0.386723 -0.504028 -1.661091 1.410845 0.613665
M351+1(N14) 0.162223 -1.541529 0.964990 -0.958764 0.188307 -0.621073 1.709976 1.036839 -1.501677 -1.391921 2.660056 0.511432 0.021659 -1.054543 -1.476220 -0.821698
M122 -1.119265 1.358850 0.270207 0.153615 0.554747 -0.253256 0.208008 -1.502695 1.217232 -1.452343 -2.369114 0.256239 0.080749 1.324367 0.272028 1.038956
M250 -1.264061 0.894541 -0.880769 0.774645 -0.953189 0.446207 0.260468 0.742640 0.112688 -1.759469 0.740958 0.368324 1.296354 1.029662 -0.219684 -0.504758
M296+M296 -0.271466 -0.650856 1.486425 -0.459775 -0.974535 -2.758680 0.269519 1.298329 -2.451186 0.417548 -0.409083 1.536478 -0.266568 1.725089 -0.557400 -0.404904
M383 -0.638692 -1.093337 0.773368 -0.139288 0.987186 -0.874567 -1.363459 -0.689145 0.744421 -1.328343 -1.942214 0.866214 -1.239337 0.418505 -1.237699 0.712919
M321 0.061715 -1.478195 -0.081466 -0.003682 -1.042102 0.759273 -0.197437 -0.653703 0.917012 -0.965110 -0.970954 -1.977514 -1.199064 -0.978303 -1.640329 0.256940
M340 -1.029899 1.295961 0.096126 -0.516136 0.345041 -0.790470 -2.243695 -0.820012 1.526918 -1.708320 -1.537139 1.010602 0.095327 2.425933 -0.207825 1.360166
M374 -0.659187 0.982337 0.973388 -0.350673 1.050176 -0.506584 -2.028515 0.118463 1.393329 -1.120061 -1.797886 0.200555 -2.033421 1.544500 -0.383787 1.321127
M103 0.189322 -0.406990 -0.710766 0.119320 -0.194001 -1.179855 0.301326 -0.226056 0.608895 0.066493 0.413614 0.030816 0.002779 0.460315 -0.979593 0.272098
M110 0.320451 0.068297 -2.615942 1.187530 -0.142591 0.009477 0.470591 0.052544 0.726407 0.137747 -0.354648 -0.343083 0.952383 0.239160 -1.040637 -0.302927
M112 0.756002 0.423712 1.658866 -0.399580 0.305674 -0.851243 -1.216532 1.296555 1.159174 -0.560840 -1.203001 0.005979 -0.170945 0.526938 -1.763168 1.911742
M251 0.756223 -0.523066 -1.027155 0.695878 1.676655 -1.298318 1.011223 0.207423 0.815322 -0.096613 -0.790263 -0.472088 0.208381 -0.065412 -1.021070 0.213459
M228 -0.315884 -0.288503 0.997703 -1.643663 0.580021 -0.860325 -0.449112 1.326677 0.299958 -0.790734 -0.518436 -0.965604 -1.085286 -0.498585 -0.390350 0.163187
M230 0.062782 -0.140627 -1.049440 -0.667503 1.152601 -0.892097 -0.631353 0.622303 0.773224 0.506307 -1.020352 -0.770852 -0.868900 -0.042862 -0.295705 0.102424
M131+M388 0.734150 -2.014546 -0.110327 1.339279 -1.238884 -1.536887 -0.696474 -0.272351 0.141535 -0.744346 1.622373 0.246444 -0.369481 1.308292 -1.378072 -1.828882
M417 -0.207278 -0.099512 -0.226947 2.465755 -0.941399 0.859113 -1.079886 -2.795944 1.767779 0.984888 -0.387253 0.176438 -1.046565 1.104938 -3.234786 2.079221
1(N24@B) 2.331136 -0.472675 -0.255126 2.413955 0.677184 1.344998 -0.365683 2.842362 -2.123019 2.121931 2.195707 -1.907679 2.904520 -2.019359 1.844111 -0.681361
2(N30C@B) 1.485617 -0.873847 0.827673 0.982091 1.491579 3.432718 -0.662259 0.867082 0.422845 -0.607754 -0.450679 -0.073614 -0.316040 -0.346365 -0.372590 0.583973
M039 0.378372 0.046619 0.913008 -0.776310 -1.769556 -2.238921 -1.509632 0.701757 1.428220 0.166211 -2.620838 -0.379624 1.224241 0.979380 0.939673 0.057153
M049 0.238829 -0.188758 0.931131 -0.885770 0.568859 -1.038218 -0.891752 1.655019 -0.412363 -0.801416 0.202517 -0.498182 0.336873 0.810225 -0.519086 -0.534173
M248 0.503995 0.279209 -0.876948 -0.247322 0.034165 -0.698405 -0.117751 -1.366816 0.492861 0.630101 0.540573 0.470618 -0.923807 1.144014 -2.190290 1.565573
M305+M342 0.108514 -0.034826 1.085228 -0.657919 0.510147 -1.316629 -0.922017 -0.985919 2.000768 -0.050113 -0.376103 -0.230408 -0.982087 0.744331 -1.328288 1.455503
M125 0.402639 -0.240842 -0.500704 1.074796 0.913380 0.290095 1.431008 -0.507729 0.513745 0.050635 1.015666 -0.224488 -0.859098 -0.587398 -0.894738 1.311612
M302 0.689663 -1.161686 1.021377 1.539205 -1.116191 0.246877 0.832111 0.065702 -0.746772 -0.657093 -0.565372 0.477599 1.101351 -0.682892 -0.731240 -0.169064
M305+UNK 0.819146 0.160150 -0.303081 0.325860 2.267749 -0.565329 1.136161 -2.815250 0.859126 0.725665 -1.083387 -0.325277 0.510957 -0.081719 -0.106932 0.625598
M050 0.468617 -1.970428 0.458497 -0.950951 -2.272473 -1.391100 1.269168 1.128490 -1.674089 -1.840479 2.055555 -0.233197 1.064750 -0.211941 -2.047828 0.422086
M069 2.107272 2.378036 -1.174834 1.206055 2.454372 1.290032 1.959870 0.250100 1.455271 -1.854796 2.468884 0.399980 5.618904 -0.065305 -0.729992 0.328622
M220 -0.350412 -1.810372 0.510852 -2.118850 0.710311 -0.431493 0.691565 3.520492 -2.137282 -0.210784 1.272083 -0.968954 -0.715492 -1.924928 -0.980521 -1.527052
M319 -0.990360 -0.039460 -0.030731 -0.105837 0.032791 0.841853 1.210555 0.841235 -0.026349 -1.858505 0.896892 0.049833 0.024473 -0.885650 -0.561088 -0.873751
M323 -0.018629 0.390050 0.177194 -1.338199 0.886075 -1.505118 -0.124678 0.304749 -0.403145 -0.872092 -1.078674 0.316535 0.136489 0.962469 -1.277672 0.194864
M379 0.149833 -2.231245 1.081326 0.763582 -1.879938 -1.315875 0.412699 1.547794 1.602285 -1.561764 -2.066408 -0.563568 -0.327662 -1.557169 -2.063567 1.462731
1(N14@B) 0.534542 0.068707 -0.127743 -1.279237 0.336242 -0.306047 0.770709 -1.610718 0.979614 0.135426 1.032868 -0.088195 0.336420 -0.735390 0.347652 1.516755
M073 0.505532 -0.585696 -0.000181 0.329871 0.587613 -0.831484 -0.739834 0.308880 0.325301 -0.368222 -0.370459 -0.213828 0.070873 0.625823 -0.330234 -0.033991
M153+M342 0.130622 -0.144107 1.839237 -0.573324 0.800958 -1.839760 1.321178 0.625252 1.698910 -2.401255 -0.949346 -0.687764 1.557436 0.910282 0.422139 -0.445657
M261 0.667520 1.883180 -0.506453 1.295071 1.013166 -0.155308 -0.952476 -0.651776 2.012486 -0.373290 -0.104970 -2.329824 2.345343 2.609501 1.520027 -0.183358
M418 0.022548 0.703964 2.533999 -0.719817 1.593338 -0.867048 -0.233753 -1.051911 0.377036 -1.052473 -1.190082 -0.412532 -2.178206 1.396012 2.263758 1.704776
M080 2.460799 -0.694862 0.717216 -0.180908 0.653522 -2.286136 -0.258093 -0.331406 1.508843 -0.190276 -0.087906 0.479226 0.534588 0.562253 -0.788326 0.874878
M205 1.155005 -0.430518 -0.435773 2.408312 0.159840 1.407704 0.905163 0.809598 -0.704235 0.716657 2.306084 -1.005249 1.678570 -1.051031 0.779301 -1.405983
M260+1(N24) 0.562791 0.040053 -0.116241 0.652881 2.843023 0.722167 0.066741 1.081613 -0.079221 -0.249640 -1.710318 -1.511236 -0.166039 -0.624794 1.782909 -1.344514
M278 0.595582 0.336012 -0.285110 -1.795916 4.649340 -0.349392 1.928681 -1.503935 0.648866 0.299767 -1.144143 -1.217894 1.109002 -1.659207 -1.962009 0.877042
M286 0.440506 0.266054 0.162595 1.139453 0.410726 0.800478 0.972308 0.278951 0.814668 -1.223302 0.758791 -1.619292 0.153565 -0.536716 0.618790 0.733466
1(N51) 0.357536 0.013987 1.696716 -1.357691 -0.994389 1.079762 -3.090365 -0.185529 2.324960 -2.247600 -0.808064 -1.966213 -0.160603 0.332390 -2.041782 2.214229
4(N34) -0.995897 -0.151274 0.781107 -0.785741 -1.994513 -0.974986 0.112780 -0.684559 -0.062655 1.581588 -1.871349 -0.400966 -0.301455 -0.648481 -0.940161 -1.838879
M036+1(N14) 0.990556 0.148996 1.355493 -1.435271 -1.703124 -2.105714 2.986326 -1.666011 1.384763 -0.125297 -0.846769 0.587020 1.043733 -0.950954 -0.193523 0.638260
M327+UNK 0.298349 -0.019941 3.232702 -0.297594 -1.558861 -1.141614 0.191893 2.102490 0.935764 -2.682375 0.220152 0.262073 1.122657 0.058339 -1.808121 0.475743
M044 0.082621 -0.864137 1.205542 -0.293935 -1.553094 -0.542286 0.412327 1.250714 0.268389 -0.851944 0.343593 -0.042620 0.409489 -1.019522 -1.228240 0.046061
M109 0.629117 -0.019727 -0.841271 0.087868 0.347809 -0.731922 -0.486946 1.260257 1.042363 -1.257040 -0.879606 0.072348 0.408971 1.291138 -0.817903 -0.141298
M136+UNK 0.271135 -0.790162 1.713119 -0.808874 0.230486 -0.973187 0.709981 -0.005716 0.880398 -1.607711 -0.009946 -0.405673 -0.226658 -0.684355 -0.820252 -0.036401
M291 0.503570 0.653389 -1.002160 -0.390062 0.779053 -1.204433 2.951250 -1.411798 0.734714 0.314395 -0.873500 0.495369 0.598740 -0.448435 -0.963739 1.314770
M316 0.287581 -0.045942 -0.185082 -1.756043 -0.545947 -1.708459 1.746939 2.361110 0.421736 0.342637 -0.932977 -0.155605 0.918897 -1.038433 -2.162909 1.055868
2(N23) 0.912196 0.432930 2.818985 0.219364 1.113863 0.445202 -2.125919 -1.153270 0.614561 -0.524346 -0.427873 -1.158932 -1.383584 1.991929 0.054640 1.926288
M158 1.296511 -0.552133 -1.917533 1.273280 0.239219 0.250408 1.322952 -0.198230 2.326003 0.633592 0.077127 -0.434596 0.776698 -2.227869 -1.036722 0.177433
M193 -0.592777 0.808891 0.410334 0.235510 5.200301 0.799026 -1.968864 0.883583 0.539729 0.113646 1.587569 1.350773 -0.942207 0.771973 -0.062502 2.169697
M209 -0.675716 -1.377965 0.109090 2.435330 0.865507 1.354108 -0.852133 1.924359 0.344162 -0.812351 0.044866 -0.393588 -0.906162 -1.169265 -0.805447 -0.508964
M249 0.333469 -0.244563 0.085157 0.770132 -0.629336 -0.709463 0.042869 1.080513 1.444794 -1.155803 -1.125876 -0.298811 0.793536 -0.268761 -1.252632 0.412227
M285 0.440297 -0.595934 0.387074 2.561355 -1.313359 0.584910 1.123608 0.432040 -0.295558 -2.254775 -0.789158 0.173052 0.805162 0.306326 -0.413456 -0.371242
M328 -0.336381 0.578526 1.437041 -0.019393 1.119705 -0.243712 -1.019094 0.310287 0.456174 -1.202840 0.519631 0.447940 -1.914187 1.093427 -1.729466 0.683492
M369 0.167563 -0.140082 0.887076 0.068485 0.859114 -0.356715 -0.539747 0.263106 0.608705 -0.861897 -1.401753 -0.505809 0.300915 0.104721 0.565140 -0.470462
M370+M072 0.344919 0.227776 0.962590 0.248271 1.982984 -0.295044 0.394784 -0.348082 0.426073 -0.844023 -0.393626 -0.186758 0.714977 -0.040786 0.230122 0.164939
1(N8B) 0.568838 2.206155 1.381462 1.973914 -0.015899 0.214191 1.146961 -0.876811 1.654147 1.073613 -0.087925 -0.299860 2.354434 0.926934 -1.312563 0.488430
M195+M038 1.833924 0.989476 0.673023 0.250692 0.208900 -1.307308 -1.208323 1.252982 2.049855 -0.410899 -2.747513 -0.248319 3.340708 0.827560 0.146993 1.887981
M221 0.346012 1.792344 -0.518731 0.053347 1.694121 -0.512869 0.172214 1.449833 0.603946 0.941706 0.007075 -2.236688 0.439987 -1.510354 -0.408719 1.769745
M252 2.646848 -0.883084 1.352063 0.742407 1.531368 1.136574 0.545929 0.088197 -0.014259 -3.399392 1.686946 -0.910771 -1.011791 -0.441216 0.146370 0.134967
M315 -1.208735 1.943337 0.144218 0.114007 4.040190 1.521801 -0.130434 0.206806 -0.102091 -0.888593 -0.442839 -0.186931 -3.217101 0.825556 2.351691 0.035379
M377+M320+M377 0.290193 -0.316299 0.805104 0.243032 0.471039 -0.123373 0.436196 0.616847 0.282621 -1.433458 0.157705 -0.509028 0.439340 -0.085696 0.392889 -0.263242
1(N01@B) 0.691953 1.292830 0.939226 -0.228449 1.918734 0.327251 -1.158956 0.056115 0.246954 -0.312579 2.299442 -0.448844 1.576629 1.407978 -0.744403 0.939517
1(N08) 2.138329 -1.545615 2.495150 3.302808 0.020490 0.715472 -0.911483 -0.794720 2.251558 -0.084754 0.803442 -1.547476 3.109293 -0.099753 1.377732 0.793446
1(N39B@B) 0.475087 -1.175373 -1.703292 1.808349 1.610785 1.498211 1.384170 0.908921 -1.137620 -2.773830 2.098653 -1.368092 1.406033 -0.002091 -1.727919 -1.523600
3(N34) -0.458248 -1.529776 1.584402 1.140914 -0.737131 -0.901157 -0.152356 1.142997 0.255632 -2.498032 -0.069902 -0.900613 -0.405744 0.466014 1.812836 2.318081
M006@G 0.689589 0.018088 0.821510 0.603484 2.455484 -0.438674 0.365883 -0.505051 0.757850 -1.573696 -0.814822 -0.209895 -0.093668 0.639762 -0.722238 0.570346
M157+M131 0.755255 0.829769 0.920591 0.422840 0.225906 0.473236 0.060521 -0.717553 0.431872 -0.504913 -0.484925 0.306342 0.067627 0.204024 -0.059174 0.315512
M293 -0.024866 -0.365519 1.126275 -0.551439 -0.020247 -0.902809 -0.023021 0.881089 0.417869 -0.918951 -1.489737 0.144459 -0.306028 -0.309992 -0.695682 0.758241
M370+M388 0.191686 0.014787 -0.605577 -0.173044 2.122133 -0.386095 -0.946102 0.549629 0.306776 -0.009652 -0.973309 -0.135415 -0.750601 0.453762 -0.346713 -0.171101
M381 0.196715 0.843309 0.424729 0.909900 0.133742 -0.158972 -0.564100 0.019818 0.578361 -0.742869 0.936905 0.534956 -0.886857 1.655804 -1.025774 0.860923
2(N1@B) -0.687727 0.154384 -0.465810 -1.153130 2.779020 0.868470 0.796810 0.381644 0.785675 -1.836987 1.860174 -0.318888 0.055755 -1.822656 -1.130645 -0.100856
M036+1(N30C) 0.124870 0.414815 1.585977 -0.828098 -0.913007 -1.136161 -0.285076 1.159557 -0.849503 -0.981119 0.089108 -0.783560 1.558179 1.318619 -0.093718 0.649689
M180 0.086001 1.962241 1.562239 0.520370 -0.382625 -0.589487 -1.501286 -0.179346 1.633187 0.382701 0.013709 0.772592 0.202032 1.618827 0.005416 1.192669
M277 0.685324 -0.214105 -1.553263 -0.486479 0.729914 -2.409748 2.630379 -0.696061 1.733266 -0.638416 0.222376 0.196280 0.729723 -0.397203 -0.262113 -0.895643
M324 0.520154 0.338291 -0.007034 -0.548479 -2.290040 0.335133 0.086417 -2.674431 3.134015 -0.090468 -1.830993 -1.304596 -0.924506 -1.699359 -2.483549 2.583466
1(N48) 1.264730 -1.681569 1.764331 1.032303 -2.235202 -0.356068 -1.157667 -0.107622 1.061014 -1.439434 -0.381573 -0.255832 -0.348310 -1.031754 -1.129102 -0.441963
2(N51) -0.041972 -0.854476 3.803243 -2.181594 -2.779573 -2.226166 -1.487250 -2.487861 1.942265 -0.117149 1.593935 -1.334383 -1.673537 1.588560 -1.318414 0.900693
M053 2.072281 -2.193712 -0.185843 2.431235 -0.282889 -0.566559 2.392212 -1.962452 0.528166 -1.905820 -3.114615 -3.042725 0.786788 -0.669011 0.622982 -1.715554
M134 0.333189 0.217002 2.064794 -1.856638 -1.070116 -0.583717 1.966018 -0.481546 -0.706812 -0.335316 1.667617 1.152203 2.629971 -0.806677 -1.097499 0.166607
M144 1.225967 -1.619235 -1.131352 0.432303 -2.162671 -1.943028 1.626687 -1.291261 1.717025 0.562027 -0.813248 -0.990330 -0.236044 -0.661342 -2.859337 0.331814
M217+M388 0.259841 0.748670 0.284211 -0.174683 2.149374 -0.922375 0.360326 1.425627 0.234992 -0.637275 -0.508201 -0.776692 0.933238 -0.140677 -0.064527 -0.269976
M218+M320 0.326214 -0.221003 -0.658351 1.069802 -0.979927 0.543953 2.632322 -0.589665 0.263545 -0.948015 -0.151840 0.046443 1.501637 -1.273759 -1.476697 0.307955
M222 0.877568 -1.939562 0.565739 0.093365 0.940195 -1.015696 0.966791 1.567735 -0.037421 -0.577024 -1.706367 -1.577496 0.570146 -1.585115 -1.551553 0.036519
M311 -0.697193 1.904701 0.151931 -0.594580 2.700363 -1.284167 1.926807 0.265941 3.322759 -1.277964 1.258536 0.091876 1.866702 -0.311391 -1.711974 1.192445
M361 -0.647205 1.965172 0.742171 0.513262 1.765455 -0.262572 1.222788 -0.435905 0.152602 0.575252 0.856049 -0.584974 0.431584 -0.004618 -3.349174 -0.575475
M362+UNK 1.473885 1.501026 2.821429 0.663475 -2.159901 -0.356908 0.571251 -0.011477 1.345461 -1.784722 2.091491 1.970156 2.857465 0.756036 0.078983 0.786048
1(N02) 0.032366 0.156188 0.132563 0.307781 2.384447 -0.073284 1.278780 1.216608 -0.577375 -2.099898 -1.152013 0.332027 1.189894 0.461412 -0.615371 0.730318
5(N34) 0.111778 -0.998241 1.309357 -2.099949 -1.586149 -1.610040 -0.445483 0.112575 0.326287 -1.141448 -0.462487 0.096508 -0.068411 -0.087754 0.114651 -0.191402
M035 0.409383 -0.953541 -0.236251 -1.079611 0.573078 -1.392987 0.984420 -0.338592 -0.123172 -0.340343 -0.083806 -0.640977 1.156185 -0.184988 -0.350064 -0.954405
M061 -0.016315 -0.539963 0.653988 2.342135 0.040837 -0.306339 1.602105 -1.932071 2.649055 0.652878 0.799321 -1.493047 1.181458 -1.210058 -0.618220 -0.154237
M151 0.468447 0.369502 -0.261439 0.272619 1.872786 0.127618 -0.064199 0.409628 0.985345 -0.046952 -0.890073 0.646429 0.748246 -0.683431 -0.552378 0.260509
M152 0.215830 -0.188993 -0.585392 0.853498 1.344901 -0.049129 -0.042978 -1.840364 0.645653 0.383774 -0.830272 -0.471268 -1.204299 0.400122 -0.686347 0.165598
M175+M288 2.021768 -0.611352 2.886928 1.111476 0.232918 -0.352797 -0.199575 0.853648 -0.333150 -2.114505 -1.218358 0.368301 -1.732616 0.118677 -4.552972 1.812982
M310 0.374902 -0.606859 1.378884 0.295652 0.811255 -0.757805 -0.846057 -0.873033 0.939143 -1.757993 -1.073361 0.152799 -0.843363 1.088235 -1.094964 -0.215731
M312 -0.170191 1.770681 2.415959 0.464018 1.851634 0.539934 -1.747374 1.466382 0.550232 -0.860124 0.183585 3.310023 -0.491965 0.640338 -0.001113 -1.200595
M370+M072+M370 0.143790 0.131288 -0.013984 0.170042 0.784618 -0.018758 -0.003353 0.058721 0.174729 -0.247871 -0.111557 -0.037713 0.007446 0.073496 -0.116173 -0.053338
M377+M377 -0.419231 -0.623229 -0.599910 0.299291 -0.341241 -0.669008 1.337236 -1.047949 -0.105885 -0.775043 0.435611 -0.639582 -2.066199 0.828234 -1.119778 0.596516
M382 0.396444 -0.527523 -0.005970 0.276767 2.234308 -1.276365 1.962157 -0.219224 -0.148423 -2.008453 0.052849 0.567044 1.074941 0.242904 -0.861199 -0.638834
N(N01) 0.895907 -1.131100 2.171050 -0.236340 -0.045002 0.607519 0.192295 0.466808 0.359173 0.485908 -0.372369 0.299104 -0.974637 -1.377340 -1.290787 2.237393
1(N) -1.824165 1.462468 0.678249 -1.752680 1.069660 -0.784576 -1.300018 -0.290804 1.794545 0.088799 -1.802320 1.404634 -0.978184 0.158068 -1.708034 1.812435
1(N30D@B) 1.155343 0.432208 0.857709 0.497657 0.883055 0.511944 1.330753 1.621353 0.018708 -0.662840 1.275617 -0.744741 -1.225254 -0.842878 -0.565312 -0.398334
4(N1@B) 0.935029 -1.364286 0.922555 -1.204741 0.662517 -1.202158 -0.546150 0.902133 0.887844 0.446012 -0.130491 -0.299887 0.935653 0.963945 0.012933 1.273002
M036+1(N24) -0.520812 0.122424 1.602308 -0.815564 0.588001 -0.754411 1.449393 -0.254326 0.155632 -0.585923 0.684419 0.308029 0.396753 -0.649668 0.726720 0.332348
M058 0.030361 -0.212307 0.472758 2.682063 2.712298 1.837688 1.364330 0.809004 -2.841215 -2.201543 -1.884995 -0.514695 -2.233659 -0.222777 -2.791897 -0.969308
M123 2.318779 0.116669 -0.089120 1.076350 2.982674 -1.849644 -0.241503 -0.846316 1.163925 0.142204 -2.569868 0.044731 -2.100120 0.109249 -3.037124 -0.741718
M305+M136 -0.717752 0.277038 0.040381 -0.390164 0.156099 -3.354354 1.516616 -0.791026 0.916812 -1.397616 -0.457327 1.092789 -0.562745 2.059359 -0.298115 0.410831
M327+M059 0.075794 0.244717 1.046577 -0.245105 0.326325 -1.353688 -0.215373 0.396437 0.883108 -1.319391 0.933844 1.091284 1.631229 0.906740 0.667734 -0.169341
M375 0.980138 1.052277 1.379863 0.019244 1.035226 -0.577400 -0.479800 -1.358007 1.447319 -0.164576 -0.191124 0.013749 -0.091001 0.675037 -0.625115 1.693920
M026 0.176573 -0.326855 1.365486 0.429270 1.750198 0.057904 0.782180 -0.378804 0.544361 -0.849185 -0.079262 -0.168755 0.211871 -0.766420 -0.047999 0.398844
M064 0.767336 -0.216265 1.290370 -0.155701 1.668824 -1.050378 1.461520 -0.909620 0.786457 -1.781996 1.243554 0.300219 1.250141 -0.069286 0.463575 0.328904
M115 1.453239 -0.944046 -0.616498 2.088782 0.405320 -0.731230 0.253451 0.989182 0.274107 0.157758 -1.221803 0.291357 1.752731 0.720905 -1.501123 -0.939470
M175+M136 1.309185 0.403667 0.483409 0.663231 1.145406 -0.585747 0.600381 -1.782881 1.409807 0.230703 -0.107267 -0.856681 -1.388212 0.286492 -0.837710 1.556889
M214 -0.284728 0.459154 0.312503 0.368826 1.225466 0.765705 -0.026955 1.900943 -0.264236 -1.771992 1.306009 -0.374201 0.203393 -0.252818 -2.947403 0.518058
M226 -0.330759 -1.980379 -0.449999 0.923943 1.939059 -0.112892 1.222920 -0.932462 -0.765546 -1.119043 1.812941 -0.651671 -2.249581 -0.114044 -1.191214 -1.450079
M288+1(N01) 0.632968 0.144604 -2.066813 -0.841139 1.662833 -2.613378 0.471164 1.341157 0.489444 -0.166078 -0.899605 -0.893636 0.751842 1.142467 -0.941751 -1.329653
M298 0.451426 -0.430526 -1.043742 0.113049 -0.686014 0.779803 0.651053 -2.076986 -0.449068 -1.343362 -0.903695 -0.471756 -2.567720 0.261152 -1.998823 0.314027
M370+M046+M370 0.194532 0.058481 -0.622344 0.201649 1.882931 -0.161830 -0.492877 0.584599 0.330934 -0.292477 -0.380820 -0.211564 -0.439146 0.263398 -0.655530 -0.233189
M370+M388+M370 0.768692 1.355525 -0.189561 0.712347 2.420721 -0.430329 0.201879 -0.283648 1.176578 -0.910677 0.372296 -0.000153 1.689009 1.090693 -0.567719 -0.142555
M461 0.415491 -1.366242 0.120034 -2.072984 3.690470 -2.204032 0.990400 1.335459 -0.456289 1.414860 0.157515 -1.635273 0.399826 -0.950691 -0.473973 -1.144284
2(N02) 0.272195 -0.578755 1.667602 -1.011511 2.148366 -0.325688 1.167151 -1.113329 0.803887 -0.707087 -0.277803 -1.303365 -0.343405 -1.367023 0.226608 0.275671
2(N39B@B) 1.653749 -0.488821 1.644999 1.468953 -1.306890 -0.650053 1.490953 -0.894803 1.245431 -0.623266 1.151887 -1.267280 1.151897 -0.380541 -1.520922 1.140482
3(N23) 1.399594 0.768837 1.039054 -1.839953 -0.082402 -1.981871 3.091032 1.561467 -0.368606 -0.736655 1.306076 1.236806 1.460834 -0.062583 1.852863 0.191564
6(N34) 0.303117 0.361787 2.021357 0.042110 -0.650488 0.204658 -2.605004 0.057273 1.082229 -2.595046 -1.412522 1.793282 -0.352358 1.009305 0.588160 -0.372558
M047 0.845490 -0.552246 -0.000472 0.142221 0.736819 -0.207940 0.052130 -0.198028 0.621817 -0.507768 1.025098 -1.181815 -1.217046 0.158358 -2.236358 -0.508470
M143 -0.253796 -1.234677 -1.257333 0.923710 -1.465576 0.530983 2.486578 0.094811 -1.837428 -0.809993 2.443028 -2.151216 1.017949 -0.302818 -1.528841 -1.518157
M208 0.442413 0.347018 0.223414 0.329053 1.130329 -0.712040 0.613565 -0.603100 1.397093 -0.312542 -1.466023 -0.820484 1.260550 0.127989 0.287455 0.376598
2(N14@B) 1.318361 -1.990456 1.790214 1.453740 -2.320290 -0.034155 -1.166277 -1.216260 0.266624 -0.356597 -0.959498 -2.203270 0.416098 0.472364 -0.493967 -0.685506
2(N30D) 2.000771 0.656097 1.855408 1.024980 0.435737 1.855842 -0.130229 -1.052479 1.799083 -0.177472 0.035969 -0.146034 1.577117 -1.421254 -0.332663 1.778486
7(N34) 2.592573 -2.245617 1.378436 1.260134 -2.093321 -1.833183 -0.281985 -0.186387 0.718545 -0.736764 -0.687012 -2.366645 1.201732 -0.379151 -1.029128 -0.237412
M037 0.155028 0.743038 0.765356 1.442323 1.115189 -0.511571 0.149046 -0.199274 1.364341 -1.637079 -0.974937 0.362699 0.421114 1.548387 -0.711145 0.520099
M153+UNK 0.228522 -0.145987 0.086685 0.135147 0.308933 0.068526 0.130224 0.241189 0.176867 0.004404 -0.438161 0.000513 0.168383 -0.461338 -0.137578 0.238969
M176 0.856457 0.137199 -0.006985 0.214718 0.345595 -0.428918 0.151628 0.305332 0.769153 -0.561515 -0.142150 -0.346060 0.171048 0.148859 -1.690471 0.288347
M218+M101 1.425522 0.117940 -0.559415 1.009748 0.358520 0.441650 1.756159 -0.693833 -0.397770 0.228392 0.217771 0.985572 1.025678 -0.412677 -2.524610 -0.304321
M268 0.184296 -0.191767 2.115739 0.546811 0.145890 -0.706944 1.144943 -1.541430 1.048609 -1.044076 -0.332682 0.037386 0.246682 0.186060 0.230633 0.029050
M270 1.999979 0.220344 0.678148 0.424877 -0.715648 -1.525147 0.830086 0.413959 1.185356 -0.081531 0.716326 0.490347 2.286893 0.213578 -1.502591 0.721226
M290 2.023230 0.110037 0.773856 2.870069 1.683082 0.705066 -0.943688 -2.574908 1.784809 -1.050570 -0.162019 -1.080035 0.139560 1.522437 -0.524779 1.692242
M351 1.307726 0.561649 2.086634 -1.011833 -0.010500 -1.634449 1.383590 -1.889783 0.486125 -0.284418 -1.221878 -0.490787 2.190383 1.705605 -0.840558 0.894752
M356 0.465814 0.864371 -0.151761 0.024203 0.955456 -0.340508 1.134188 0.931606 1.880976 -0.477197 -0.083474 1.236377 -1.125278 -0.833146 -1.888624 1.591537
M393 -1.204119 1.015903 -0.615234 0.133577 -1.447036 -0.861471 2.099742 -2.785955 1.247716 0.111302 0.584780 0.921368 -0.384031 0.289232 -3.062992 2.720011
1(N39B@C) -0.467303 -0.808868 -0.963919 1.264585 0.357529 -0.043153 0.443244 -0.702574 1.771734 -0.809025 -1.675723 0.110365 1.457876 -0.735457 0.032560 -0.779212
5(N23) -0.520872 -0.534092 1.760727 -0.592552 1.076122 -0.902359 0.995691 -0.822321 0.839662 0.335987 -0.482589 0.464824 -0.071932 -1.047440 0.011098 0.334750
M036+1(N39C) 2.073099 2.564138 0.372541 2.842331 1.318711 2.935588 0.178183 -3.033703 3.517772 -0.060015 -0.410131 0.557697 2.672961 0.691754 0.221927 1.881449
M052 1.231559 0.603136 1.003582 0.411755 1.080866 -0.178029 1.030278 -0.169499 1.117632 -1.327150 0.061627 -0.051796 0.464040 -1.032710 -0.422924 0.914200
M076 0.740420 -0.590686 0.870448 0.749924 2.283285 -0.455513 0.474585 -0.009042 0.977480 -1.573898 -1.262089 -0.475275 0.378520 -0.482571 -0.442889 -0.350038
M175+M175 0.393570 -0.059676 1.449329 -0.017871 0.548045 -0.362620 0.616481 -0.183366 0.521832 -0.855637 -0.461949 -0.310798 0.886076 -0.347733 0.231538 0.113695
M188 0.703323 0.878113 0.393130 0.257613 1.173425 -1.013735 0.116070 -0.675524 1.520863 -0.113979 -0.265894 0.088515 0.397756 0.844049 -0.588300 1.051071
M224 -0.133357 -0.022851 1.399276 0.024587 -0.706335 -0.723989 1.840083 -0.048462 -0.207996 -1.327198 0.578141 0.278763 2.372760 0.208876 -0.928777 -0.251818
M294 0.299403 -0.134155 0.931125 -0.535132 0.189307 -0.601591 0.748155 -0.182922 0.692622 -1.423168 1.555499 -0.996426 -0.372738 0.096529 -2.036700 0.936139
M342 0.094637 -0.030201 0.286553 -0.333901 0.538550 -1.403488 0.226575 -0.288576 0.759971 -0.476752 -0.498728 -0.157881 -0.434099 0.643084 -0.696965 0.624085
M351+UNK 0.732762 -0.179200 1.673792 -0.151134 0.467761 -1.235124 -0.135166 -0.567540 1.715715 -0.891214 -1.883938 -0.607041 -0.129702 0.328644 -0.091454 1.334524
M007 0.690791 -1.776831 0.751538 -0.633930 -3.638016 -3.117972 -0.711209 -1.835228 0.837329 -0.701500 -0.046116 -0.798571 0.633061 1.988374 -1.899514 -0.635812
M014 1.538409 2.553972 0.739164 1.826880 2.837743 0.219808 -0.662396 -0.624544 2.293015 -0.385361 -2.002081 0.933744 2.734246 1.392290 -0.176264 1.521842
M016 0.638230 2.772450 2.378386 0.323440 0.607068 1.355767 1.552594 -2.598855 2.212804 -1.249823 3.438384 -0.146460 2.250408 -0.520754 -0.483947 1.238275
M126 0.314858 0.347299 1.173435 -0.515347 0.910426 -0.181504 0.757403 -0.747344 0.510679 -0.599401 -0.675887 -0.174930 -0.247030 -0.325491 -1.112047 1.217433
M141 1.495426 1.359980 0.719774 0.701708 1.350340 -0.104896 1.754584 -2.163328 1.016566 -2.331713 1.462037 -0.572412 1.515592 1.486865 -1.002278 -0.178073
M150 0.072400 1.318172 0.194805 0.333830 2.198241 -1.042421 1.347435 0.808233 0.723802 0.214046 0.212507 0.496705 2.188879 0.591276 0.204359 0.520963
M157+M288 0.756814 -1.150080 0.453274 0.783848 0.002039 -0.811103 0.959813 -0.206889 1.121216 -0.740899 -0.841676 -0.470531 0.153042 -0.926543 -0.680740 -0.114374
M175+M153 0.114424 0.200247 0.912764 0.254613 1.310250 -0.184663 0.557435 -0.422947 0.645077 -0.807393 -0.306309 -0.180006 0.672513 -0.130885 0.006008 0.604634
M218+UNK 1.356332 0.030353 1.385351 0.914471 -0.587425 -0.601061 -0.294277 0.570115 0.676714 -1.607858 0.329377 0.233352 1.317974 1.230871 -2.817269 1.321270
M228+M101 1.468949 -0.097355 0.882372 1.396181 1.597720 0.821781 0.972671 -0.854832 0.142000 -0.890292 0.863680 -0.650303 0.473219 -0.628475 -1.313225 0.768777
M228+M320 -0.451690 -1.538950 -1.436768 0.530376 2.772738 -0.491868 2.018641 1.023832 -0.194609 -0.861299 -0.043626 -1.454507 -1.026912 -0.600424 -0.296095 -0.783819
M244 0.560461 0.168301 1.341110 0.370921 0.788916 -0.534563 0.921495 -0.849540 0.886125 -0.910498 -0.301052 -0.207654 0.738379 -0.052338 -0.272116 0.488347
M271 0.440951 0.456668 -0.203116 -0.033416 2.358113 -0.462254 -0.500149 0.341402 0.863613 -0.166092 -0.729057 -0.815251 0.246429 0.698869 0.301659 -0.284251
M305+M009 1.162053 -1.577302 1.143451 1.008488 -2.256660 -1.203100 0.214681 0.093080 -0.238099 -1.839146 0.849995 1.215987 0.547677 0.214350 -1.013478 -0.872386
M305+M320 0.240614 -0.173162 0.963698 0.710436 1.443062 0.791570 1.204960 0.235009 -0.003020 -0.963436 -0.077621 -0.208112 0.717564 -1.297849 -1.202551 0.642414
M359 -0.252282 -0.362484 0.291504 0.589740 -0.819359 -0.075874 1.714994 -0.861385 0.246920 0.247864 0.291800 0.606289 0.695639 -1.243289 -0.597906 0.770632
M385 0.534178 0.363437 0.151359 -0.914252 0.666313 -0.895906 -0.708011 -0.321319 -0.005607 -0.165287 0.074915 0.264610 -0.427990 1.101544 -0.106153 0.313218
1(N34@B) 1.270480 0.012757 0.623579 0.571288 0.223619 0.278370 -0.045673 -1.059915 1.317166 0.064534 0.440497 -0.322032 0.194591 -0.840305 0.108603 0.588100
2(N48) 0.149470 -1.066885 0.005950 0.631547 -1.179720 -0.412450 0.259464 -0.670267 1.566027 -1.397405 -1.281239 -0.078426 -0.328223 -0.944096 -1.184464 -0.452182
3(N39B@B) 0.808887 0.197837 0.300161 0.794202 0.683827 -0.593251 0.349827 0.416542 0.402063 -0.215278 -0.493792 -0.531952 0.964575 -0.108364 -1.046849 0.666256
4(N23) 0.039958 -0.144825 1.402157 -0.250001 -0.550468 -0.396656 0.490374 -0.227554 0.370716 -0.819893 -0.123233 0.123566 0.355703 -0.117915 -0.235466 0.329483
4(N39B@B) 0.972300 -0.114066 0.913063 0.981564 -0.916241 -1.036413 -0.173066 1.265536 1.795026 -1.121898 0.945252 0.155763 1.408405 0.140040 -1.909149 -0.058562
5(N1@B) 0.348370 -0.281424 1.689802 -0.207995 0.784264 -0.426039 0.553717 0.399785 0.953599 -1.955959 -0.238133 -0.597930 0.318732 -0.420840 -0.906109 0.747910
6(N23) 0.199477 -0.188567 1.268321 0.075374 0.115087 0.250941 -0.156708 -0.206165 0.531504 -0.464068 -0.862884 -0.013795 -0.662955 -1.180349 -0.118868 0.991992
M034 1.668088 -1.048750 1.798206 0.631417 2.490025 -0.801635 1.839541 0.141668 1.643200 -2.527739 -1.442650 -0.529861 0.555235 -1.336754 0.383110 -0.354855
M039+1(N30D) 0.583307 0.163978 1.466242 -0.812872 -0.188734 -0.538819 0.666139 -0.460159 1.040452 -0.262610 -0.026629 0.189175 0.907295 -0.198140 -0.024740 0.695659
M054+M365+M054 0.328813 0.123047 0.213034 0.439744 0.725129 -0.608957 1.093388 0.086504 0.874206 -0.803644 0.627769 -0.445163 1.082210 0.152038 -0.095767 0.024919
M063 -0.083079 0.648001 0.273787 0.296583 1.191586 0.217259 0.911810 0.452425 0.049300 -3.626070 0.450741 -0.252583 1.146848 0.833611 -1.248255 -1.272006
M074 0.842388 -0.810450 -0.344723 0.917352 0.126572 -0.190851 -0.207528 1.143670 0.442656 -0.245565 -0.863601 -0.197402 0.154360 -0.847677 -0.710597 0.106936
M086 -0.199904 -0.945222 0.732434 -0.338758 1.006212 -0.755006 1.065604 -0.591988 0.262877 -0.391026 0.130673 -0.922513 0.008433 -0.620388 -0.034179 -0.384433
M153+M106 0.537646 -0.078509 1.633224 -1.162557 0.950587 -1.339546 1.195928 -0.046130 0.987176 -1.392449 -0.285564 -0.999700 0.712575 -0.671843 0.285254 -0.747597
M157+UNK 0.964494 -0.306136 -0.070454 0.560014 -0.526910 -1.104139 0.407972 0.476488 0.275702 -0.066323 0.496104 -0.003589 1.075417 0.261894 -1.067918 -0.041650
M289 0.308972 -0.080459 1.569464 -0.119187 0.077916 -0.034498 0.539386 -0.226685 0.211527 -0.880918 -0.003401 0.129301 0.768572 -0.430593 -0.028768 0.475545
M317+UNK 0.891528 -0.212473 1.370867 0.217525 1.662127 0.325411 0.739637 -0.117476 0.638069 -1.124939 -0.062232 -0.473936 1.077912 -0.645948 -0.493257 0.566034
M343 2.896506 2.325031 -0.184291 0.693563 4.517829 -3.110209 -0.015967 0.788822 1.864653 -0.598203 -3.089870 0.203329 2.746913 3.040915 1.339546 -1.355704
M351+3(N01) 0.948377 0.263562 2.481175 -0.502742 0.714705 -0.807383 0.796314 -2.570973 1.607926 -0.927532 -0.054257 -0.315290 0.147163 -0.251736 -0.482709 1.087579
M358 0.588065 -0.328103 0.368187 0.496195 2.996872 0.120697 0.455316 0.536837 0.601992 -0.586339 -0.961432 -0.613404 -0.146208 -0.940515 -0.365181 0.785946
M362+M059 0.612581 0.443747 -0.172421 0.278205 -0.000391 -0.790050 0.281101 0.114210 1.022586 -0.020702 -0.533024 0.019170 0.911676 0.349345 -0.687142 0.071646
M368 -0.035054 -0.156914 0.726894 0.117436 -0.293654 -0.052886 0.512046 -0.352824 0.269832 -0.854681 -0.129034 0.223340 0.025262 -0.139934 -0.552694 -0.131745
M447 1.381881 0.237034 0.710303 -0.900791 0.632029 -2.164126 -0.775685 -0.184542 1.638058 -0.100192 -2.081861 -0.185120 1.122548 0.714784 0.127862 -0.075364
M449 0.295844 0.098484 1.638000 -0.457619 0.364619 -0.437095 0.524186 0.140087 0.535470 -1.126164 -0.598178 -0.133832 0.667815 -0.374620 0.102408 -0.049716
N(N@B) 0.940082 -0.236072 1.499938 0.316173 -0.085341 0.043594 0.796373 0.744514 0.243112 -0.617445 -0.390979 0.238756 0.489586 -1.294138 0.729204 0.383497
1(N46) -0.652859 -1.176126 0.642821 -1.036582 -1.430563 -0.457851 1.829821 0.021735 0.862673 0.025834 -1.671767 -0.401406 -0.538722 -2.405231 0.438306 -0.092942
1(N54) 0.554954 -0.304927 1.237884 0.098822 0.775518 -0.778919 0.715627 -0.755956 1.269354 -0.765157 -0.503508 -0.607388 0.435723 -0.091597 -0.178593 0.134974
2(N51G) 0.205373 -1.432615 3.660446 0.231603 1.371349 0.507995 -0.846285 -1.125233 0.831127 -0.912935 -0.154044 0.176569 -1.698018 -1.142677 0.417368 -0.090265
3(N14@B) 0.926088 0.188557 0.967053 0.451609 0.490660 -0.359926 0.472391 0.337640 1.233802 -0.271864 -0.266881 -0.318774 0.770306 -0.478474 -1.600455 1.303288
3(N1@B) 0.811103 -0.267045 1.122433 0.400321 0.647190 -0.597130 0.299608 0.380794 0.762323 -0.560628 -0.335625 -0.441572 0.773916 0.100543 -0.208818 -0.009831
7(N23) 0.433533 -0.069986 2.628678 0.281779 -1.149425 0.018020 -0.187029 -0.627655 0.772973 -1.050977 0.125220 1.371919 0.321931 -0.669758 -0.439417 1.325843
M001+M379 0.232143 -0.136361 -0.319694 0.382602 0.383638 -0.359662 0.102991 -0.032856 0.268832 -0.172382 -0.104770 -0.200284 0.023603 0.264590 -0.196897 -0.571611
M011 0.298548 1.289240 0.249982 1.768122 -0.897107 1.150266 -0.014863 -0.860317 2.065944 -0.875221 -0.318035 -0.697251 1.363716 0.533380 -0.085034 0.748770
M012 0.186317 -0.498464 1.176510 0.439034 0.179495 0.222425 0.554395 -0.488477 0.917648 -0.734331 -0.885856 -0.104147 -0.180842 -0.783085 -0.472772 0.771086
M025 0.631888 -0.724234 -0.667167 0.652428 0.692867 -1.071226 0.687288 -0.006536 1.073504 -1.257049 -0.161304 -1.179121 0.097629 0.292875 -1.777629 -0.791497
M030 0.279458 0.097903 0.807409 -0.026094 0.739945 0.003753 0.548528 -0.421904 0.305468 -0.317867 -0.431151 -0.149204 0.435743 -0.345154 0.189783 0.258201
M036+M343 0.929326 0.015869 2.030782 -1.333529 -1.132154 -1.543650 2.325526 -0.564240 -0.149860 -2.476265 1.566494 0.209173 0.034884 0.454579 -0.441386 -0.515762
M062 0.564484 0.217168 0.436152 0.227164 0.578112 0.312070 0.425353 -0.177373 0.870713 -0.382446 0.056786 -0.126535 0.766338 -0.648560 -1.044427 1.239073
M068 0.647144 -1.091585 1.008891 0.141044 -0.170061 -0.921034 0.038202 0.456179 0.178037 -1.424135 -0.157538 -0.816443 0.625713 0.490192 -0.516597 -0.880149
M098 -0.382463 -0.227557 1.737418 -0.836422 1.168658 -0.474203 0.798149 0.579256 -0.112224 -0.848256 0.531870 0.518235 0.500740 -0.669492 1.079116 -0.115813
M104 -0.200240 1.577248 0.138961 -0.351378 0.873535 -0.872159 -0.051149 0.822836 1.174762 -0.575347 -1.450633 1.426317 0.910501 0.683597 0.989972 1.292684
M107 0.442504 0.244980 0.531190 0.355366 1.297622 -0.368323 0.839660 -0.491484 0.858707 -0.848956 -0.028497 -0.446100 0.833507 0.094997 -0.774463 0.306627
M129 -0.266379 -0.996093 0.676472 -0.027482 0.133935 -0.346538 0.691724 0.183076 0.311016 -0.568514 -0.835632 -0.383685 -0.783607 -0.694712 -0.698838 0.552572
M175+M131 0.854600 0.400482 1.085897 -0.287869 3.378654 -1.789019 0.690654 -0.316241 0.832300 -1.902478 0.730909 -0.959402 0.726770 1.106169 -1.509817 -0.130379
M175+UNK 0.593618 -0.217958 0.744314 1.395597 0.351562 -0.906727 0.588013 0.906406 0.937109 -2.345260 0.792330 -1.052945 2.551859 0.295052 0.552057 -1.962060
M177 0.473847 0.081907 -0.083619 0.148413 0.718683 -0.849708 -0.462627 1.028843 0.214498 -0.503875 -0.523077 0.370386 0.752079 0.705563 -0.927582 0.286356
M201+M377+M377 -0.015527 0.019180 -0.006467 0.001383 -0.012901 -0.004368 -0.031003 0.019010 0.026983 0.020320 -0.022950 0.008743 -0.003700 -0.026695 -0.028591 -0.009015
M217+M124 1.150345 -1.010105 1.704256 0.671279 2.288073 -2.219591 -1.737238 -0.530297 1.624324 -1.410675 -0.786658 -0.405370 -1.466435 1.823045 1.122214 -2.918525
M276 0.061721 0.108982 0.438779 -0.143978 -0.416588 -0.127022 0.152334 -0.478542 0.261096 0.108774 0.040378 0.044944 0.094047 0.003366 0.239395 0.316019
M283 0.170104 0.215667 0.194395 0.190280 -0.167353 0.009671 0.189495 -0.735176 0.529202 0.117543 0.425892 -0.008082 0.169535 0.063124 -0.173135 0.466039
M284 0.403946 -0.121098 0.785807 1.232610 -0.100852 0.215038 1.073601 -0.846851 0.848065 -1.620089 0.065530 -0.284955 0.768759 -0.016870 -0.725522 0.337150
M308 0.194558 -0.212178 -0.414702 0.329044 -0.117934 -0.224902 0.256238 0.217376 0.046173 -0.104032 -0.245929 -0.217855 0.118276 0.055408 -0.433613 -0.134792
M357 -0.593463 -0.261398 1.617179 -0.311960 0.439021 -0.605931 1.532483 0.584830 -0.065886 -2.278874 0.174039 -0.460565 0.789063 -0.290346 0.032057 -0.616213
M482 0.009568 -0.166325 0.337139 0.119687 -0.152105 0.085880 -0.035446 0.176138 0.095512 -0.357073 -0.126909 -0.070602 0.082217 -0.081013 -0.248049 0.035705
M036+1(N30C)+1(N39C) 0.495080 -0.246339 0.934997 -0.132979 0.351683 -0.819258 0.568172 -0.345935 0.784503 -0.778991 -0.083099 -0.117216 0.263270 -0.184127 -0.266700 0.372417
M157+M153 0.499453 0.043237 0.039507 -0.543026 -0.339048 -0.340591 0.770179 -0.170013 0.281303 -0.278257 0.292253 -0.045303 0.301472 -0.204174 -0.194572 0.323341
M157+M381 0.239037 0.228069 0.335055 0.015458 0.400655 -0.034241 0.287966 0.186340 0.276414 -0.084415 -0.250655 0.196433 0.667822 -0.253822 -0.016641 0.421575
M175+M038 0.528584 -0.205061 0.025618 -0.205688 0.397264 -0.540085 -0.528017 0.497867 0.751946 0.091874 -1.459305 -0.282896 0.038904 -0.220100 -0.123509 -0.053098
M175+M286 -0.218764 0.224922 -0.023359 -0.017016 -1.384376 -0.406033 0.571602 -0.242032 0.095351 -0.378441 0.776243 0.611981 0.580530 0.432114 -0.577574 0.471414
M175+M387 0.061753 -0.067960 -0.180943 0.064418 0.873454 -0.076221 0.201987 0.177888 0.703685 -1.298997 0.495162 -0.148150 0.087018 0.030817 -1.674411 0.742772
M195+UNK 0.347179 0.716685 0.169680 -0.015597 0.076472 -0.396343 -0.658223 -0.514055 0.752942 -0.157936 0.062459 -0.150297 0.533681 0.470492 -0.243548 0.140634
M260+M266 -0.015441 -0.221700 0.222355 -0.052859 0.239840 -0.120537 0.084817 0.092064 -0.090196 -0.111759 -0.055766 -0.192553 -0.144884 -0.160229 0.072251 -0.212498
M264+1(N24) 0.519138 0.066632 0.683740 0.429226 1.092993 -0.432169 0.703156 -0.335961 0.756525 -0.963090 0.010787 -0.352061 0.625814 0.056199 -0.632878 0.072493
M327+M365 0.292937 -0.555916 -0.093367 -0.034741 -0.120942 -0.763657 0.368958 0.403399 0.757872 -0.605271 -0.234035 -0.238708 -0.045890 -0.120591 -1.185071 0.067013
M348+M004 -0.264059 0.404176 0.302462 0.877706 0.665315 -0.850080 1.022318 -0.402018 0.738956 -0.486757 -0.154081 -0.644183 1.061309 0.089498 0.160650 -1.305691
M351+M342 0.384372 0.065729 1.845121 -0.282528 0.399492 -0.529000 0.958703 -0.729680 0.944747 -1.020747 -0.382399 -0.084145 0.600215 -0.719524 -0.696481 1.134297
M362+M026 0.285489 0.362524 0.429689 -0.156346 0.111754 -0.346676 0.102182 -0.776356 0.701689 0.400771 -0.003762 0.118748 0.107201 0.209620 0.184018 0.586449
M362+M099 0.682190 0.145963 1.959448 -0.176187 -0.386056 -0.936302 0.981359 -1.412341 0.371872 -0.184888 -0.986993 0.168189 1.218010 0.145339 1.087051 0.540098
M362+M158 0.816139 0.645293 1.589624 0.344420 0.887126 -0.523363 0.916752 -1.494998 1.209992 -0.431946 -0.022800 0.147049 1.222233 0.138732 0.407720 0.812762
M362+M244 0.615829 -0.222070 1.071633 0.737810 -0.632195 -0.120351 0.408091 -0.801193 0.755429 -1.215862 0.089905 -0.212278 0.487569 0.153864 -0.829314 0.249483
M362+M383 0.246165 0.011436 0.251818 0.313992 0.272909 -0.007677 -0.243112 -0.120167 0.235560 -0.440105 0.365759 -0.095352 0.140935 0.377556 -0.708239 0.293930
M370+UNK 0.160452 0.075897 0.162717 0.232766 0.661542 -0.034209 0.141510 -0.027226 0.203726 -0.243321 -0.065175 -0.055195 0.245879 0.003318 -0.001201 0.049525
M370+UNK+M370 0.282206 0.176017 0.534398 0.266528 0.429090 0.011129 0.366544 -0.322197 0.255454 -0.386280 0.116543 0.025360 0.466407 -0.029313 0.142456 0.161254
M029+1(N08A) 0.688708 0.775936 0.244514 -0.236507 0.965863 -0.797724 1.065908 0.583507 0.690792 -0.019005 0.055180 -0.009932 1.948289 -0.287444 0.420938 0.033802
M036+1(N24)+M343 0.267453 0.361006 0.767909 -0.082976 0.145989 -0.295287 0.886699 -0.589207 0.574441 -0.534168 0.106710 0.134303 0.623935 -0.438928 -0.053349 0.357928
M036+1(N39B) 0.577928 0.169443 1.345200 -0.116912 0.983828 -0.329746 0.391989 -0.177091 0.865174 -0.696061 -0.008526 0.041344 0.896081 0.085732 0.025294 0.683203
M054+M393+M054 0.041903 0.000423 -0.029438 0.010606 -0.045255 -0.000626 0.002821 0.020123 0.021750 -0.006078 -0.059005 0.059246 0.028458 0.014961 -0.001881 -0.012394
M057+UNK 0.785296 -0.139462 0.815907 -0.037903 0.825961 -1.271363 0.727229 -0.068425 0.925872 -1.030612 -0.352296 -0.495975 0.871299 0.166319 -0.507856 -0.221540
M096+M029 -0.057855 -0.405740 -0.508723 0.095916 0.123295 -0.324626 0.857288 -0.071437 -0.024746 0.012896 -0.097970 -0.321256 -0.104794 -0.366737 -0.494503 -0.030337
M153+M205 0.127243 -0.215495 0.194490 -0.067645 -0.042957 -0.109574 0.244851 -0.019854 0.144194 -0.229469 -0.037626 -0.069340 0.021301 -0.027941 -0.161132 0.011313
M153+M377+M153 0.116248 -0.162905 0.328524 0.099288 0.138997 -0.177531 0.069686 -0.142446 0.191948 -0.176944 0.101325 -0.140752 0.067287 0.110245 -0.433577 -0.008755
M157+M111 0.556106 -0.057572 0.747639 0.293647 0.691673 -0.668306 0.512263 -0.467771 0.600753 -0.796328 0.016227 -0.429689 0.628098 0.329075 -0.037684 -0.426362
M157+M136 -0.050000 -0.004416 -0.015081 -0.022770 -0.004964 0.033391 0.018095 0.012631 -0.001816 -0.023533 -0.009406 -0.061095 0.041902 -0.007918 -0.023947 -0.002745
M157+M367 -0.075031 0.059156 -0.042200 -0.042295 -0.027551 -0.050621 0.044601 0.038232 -0.004026 0.116051 0.102597 -0.014959 -0.139419 -0.027943 0.064577 -0.039193
M175+M203 0.227592 -0.016650 -0.410214 0.109631 0.529729 -0.908363 0.164648 0.056133 0.330741 -0.460194 0.420834 -0.135641 -0.149383 0.734146 -0.917426 -0.338481
M175+M381 -0.241643 -0.278268 0.703200 -0.307820 -0.718251 -0.516493 1.108894 -0.709450 -0.044111 -1.349192 1.230065 -0.277559 -0.270328 0.315088 0.064793 -0.847684
M175+M388 0.202529 0.158989 0.594160 -0.034932 0.524014 -0.175961 0.364252 -0.601862 0.302079 -0.095015 -0.013814 -0.060881 0.168543 -0.039196 0.435818 0.046833
M201 0.031468 -0.010491 -0.077132 -0.032717 0.371521 -0.434246 0.090029 0.101525 0.186220 -0.386697 -0.108165 -0.158877 0.000769 0.295324 -0.555641 -0.074938
M218+M099 0.442082 -1.245823 -0.496010 0.868725 0.970104 -1.586641 0.228423 0.019434 1.127822 -0.257248 -1.681341 -2.515975 -0.248429 0.454847 -0.598016 -0.170151
M218+M218 0.018431 -0.015709 0.036978 -0.027195 -0.023662 -0.008463 0.033810 0.010969 0.021426 0.022125 0.021730 0.000185 0.027957 0.016279 0.049348 0.031059
M260+1(N30C) 0.010778 -0.009477 -0.020304 -0.015264 0.027553 0.015930 -0.022131 0.016535 0.010750 -0.026963 0.010874 0.005935 -0.026614 0.032835 0.027914 0.007246
M260+UNK 0.689488 0.028313 0.358099 0.753578 1.344719 -0.444870 1.180314 -0.101874 0.466376 -1.286552 0.004766 -0.449875 1.091469 0.243029 0.052854 -0.647708
M278+1(N24) -0.045926 0.047033 -0.013553 -0.001648 -0.009308 0.075282 0.038784 -0.005049 -0.018238 -0.034334 -0.017749 -0.038398 -0.040731 -0.022699 -0.030015 0.017756
M297+M296 0.042382 -0.794124 -1.098712 -0.108942 1.530751 -1.351491 0.181523 -0.986034 0.841047 0.601799 -0.488322 -0.096841 -0.546619 0.960707 -0.665783 0.149662
M297+UNK -0.066487 -0.132089 -0.134468 -0.092827 -0.248966 -0.053717 0.134761 -0.053872 -0.114930 0.108315 -0.048595 -0.040521 -0.026661 -0.061043 -0.024522 -0.034514
M304+M342 0.109671 0.105549 0.252844 -0.100053 0.135163 -0.034415 -0.127020 -0.098053 0.073192 -0.204372 0.077572 -0.070705 -0.027310 0.230077 0.031416 -0.070325
M305+M038 0.283568 -0.227343 0.232263 0.108258 -0.026945 -0.369744 0.481340 0.372971 0.589809 -0.710044 -0.269939 -0.154101 0.494896 -0.179908 -0.492662 0.031779
M305+M111 0.331844 0.224777 0.661019 0.192350 0.694061 -0.292703 0.309800 -0.097597 0.535804 -0.638272 -0.179992 -0.135322 0.605481 0.103109 -0.262626 0.148104
M305+M209 -0.018858 -0.046602 -0.037048 -0.038581 -0.004904 -0.033482 -0.015502 -0.004392 0.007929 0.014872 0.001476 -0.004908 -0.026769 0.004191 0.041051 0.003487
M305+M288 0.302899 -0.166721 0.953752 0.000926 0.413980 -0.392269 0.332327 -0.335486 0.347528 -0.591349 -0.018066 -0.198728 0.393277 0.003109 -0.273156 0.086079
M305+M324 0.151454 -0.024154 0.060084 0.064401 0.502075 -0.141260 -0.054126 0.172338 0.332897 -0.360930 -0.199658 -0.240661 0.073083 0.155631 -0.418199 0.078513
M305+M365 0.498199 -0.148822 0.539422 0.212749 0.335169 -0.526222 0.883502 0.225954 0.539020 -0.580704 0.106868 -0.039968 0.616834 -0.561762 -1.249838 0.569228
M325+M342 0.035490 0.038224 0.035342 0.019765 -0.031720 -0.018209 -0.022729 -0.034973 -0.030710 0.000763 -0.000097 0.008626 0.016234 -0.023146 0.007646 0.018493
M325+UNK -0.029787 0.054966 -0.290483 0.384734 0.220645 0.099987 0.198615 -0.115812 -0.100902 -0.196811 0.142364 -0.006570 0.108745 0.331004 -0.315871 -0.090300
M347+1(N14) 0.106748 -1.027172 0.339292 0.500252 1.538466 -0.719827 0.909256 0.450854 0.155282 -2.395308 0.099323 -0.729695 -1.214921 0.110575 -2.166592 -0.137731
M348+M288 0.003476 -0.006723 0.032550 -0.049567 -0.065804 -0.053236 -0.031080 -0.020945 0.006953 0.053065 0.005605 -0.046100 -0.048999 0.059330 -0.003017 0.012350
M362+M123 -0.063687 0.051097 0.064751 -0.121248 -0.036218 0.090900 0.074334 -0.054470 -0.063193 -0.048527 0.197791 0.045844 -0.002419 -0.028321 -0.056853 0.111701
M362+M312 -0.019891 0.021998 0.023898 0.004061 -0.018191 0.019548 -0.015698 0.030588 -0.036015 0.026808 0.025710 0.004309 -0.052402 0.032421 0.017332 0.002557
M362+M317 0.374238 0.046712 1.952703 -0.429318 0.752886 -0.516568 0.905037 -0.932191 0.873201 -0.713594 -0.503879 -0.205318 0.487329 -0.472380 0.048697 0.740286
M362+M384 -0.099844 0.040239 0.176476 -0.317683 0.128675 0.005157 -0.128614 0.002939 -0.005380 0.151420 0.055710 0.087401 -0.107081 0.032310 0.020044 0.175578
M002+M379 -0.141283 -0.007333 0.003022 -0.095342 0.048160 0.046059 0.023763 -0.086799 -0.126689 0.004012 -0.065712 0.076086 -0.083096 -0.023660 0.206360 -0.052883
M003+M379 -0.134927 -0.006841 0.021887 -0.182054 0.367274 -0.343747 -0.033733 0.179551 0.032864 -0.027672 -0.296639 0.057198 -0.008803 0.142594 0.294404 0.031960
M009+M140 0.226453 -0.273820 0.299417 0.342803 -0.490888 -0.896844 0.294046 -0.327035 0.649431 -0.849787 0.244464 -0.595123 -0.083386 0.835730 -1.015743 -0.162334
M009+M320 0.401848 -0.403552 0.655495 0.595210 1.063160 -1.016862 0.427412 0.528508 0.910417 -1.157322 -0.545362 -1.057693 0.500196 0.296963 -0.067474 -0.602721
M009+M346+M009 0.300873 0.078455 1.309091 0.501682 1.234339 -0.614754 0.941955 -0.348389 0.757487 -1.481086 -0.947738 -0.253116 1.480845 0.053488 0.130378 0.028890
M036+1(N) 0.248704 0.141493 0.489085 0.209664 0.350859 -0.010035 0.301763 -0.273438 0.192105 -0.348069 0.061084 -0.079419 0.431845 0.010600 0.126227 0.112599
M036+1(N30D)+M343 0.010919 0.015235 -0.020489 0.034625 0.035747 -0.006240 0.011988 0.002386 -0.003752 0.009245 -0.022065 0.015214 0.016124 -0.031499 -0.047046 -0.003023
M036+1(N39B)+M343 0.034241 -0.018965 0.010288 0.006473 -0.004111 -0.004945 0.030241 -0.021317 0.058094 -0.032402 0.025456 0.017599 0.012897 0.001231 0.005105 0.028475
M036+M010 -0.000780 -0.016172 -0.016522 -0.005596 -0.002465 0.020665 -0.037954 0.044864 0.019225 -0.018834 -0.004193 -0.031176 -0.004268 0.002346 -0.035465 -0.019327
M036+M035 -0.675764 -1.588734 -0.010402 1.097965 -0.092080 0.991653 1.004960 -0.750672 -0.190078 0.624381 -0.777784 -0.274763 -0.882984 -1.651419 1.122527 0.411852
M036+UNK -0.041307 -0.003407 -0.009240 -0.024346 -0.020348 0.051577 -0.053308 0.035847 -0.033914 0.057596 -0.030521 0.024391 0.087259 -0.049230 -0.080008 0.135807
M054+M384+M054 0.009417 -0.151535 -0.054984 -0.166961 0.539812 -0.384151 -0.172760 0.359153 -0.004829 -0.415831 -0.195585 -0.163342 -0.241089 0.026282 -0.389518 -0.199870
M057+M291 0.027397 0.103981 -0.401431 -0.074105 0.479719 -0.466946 -0.076236 0.401644 0.109995 0.019718 0.061222 -0.008512 0.060202 0.360752 -0.259686 -0.163032
M059+M038 0.145317 -0.267389 0.511080 0.152482 -0.284511 -0.708872 0.850784 0.452698 0.207877 -1.973703 0.731597 -0.457230 0.430293 0.286627 -0.945343 -0.921043
M096+M139 0.112396 -0.008646 0.441516 -0.029978 0.046332 -0.329258 0.514478 -0.147959 0.292520 -0.653093 -0.105172 -0.077632 0.082705 -0.109427 -0.588685 0.151171
M105+UNK 0.698882 0.499829 1.506066 0.154267 1.033833 -0.073208 0.436241 -0.921272 0.572692 -1.011328 0.446011 -0.315373 0.717925 0.431985 0.148058 0.097886
M106+M096 0.449334 -0.480781 0.628845 0.292950 0.686411 -1.162793 0.839861 0.672363 0.554410 -1.547701 -0.528643 -0.495039 1.203514 -0.126254 -0.988557 -0.287727
M106+UNK -0.004166 -0.004669 0.016564 0.034579 -0.016877 0.012586 -0.005511 -0.049769 0.033590 -0.017489 0.040387 -0.033262 0.000292 0.033121 0.047597 -0.003886
M127+M127 0.372989 -0.145538 -0.288145 -0.052217 0.528544 -0.448152 -0.317312 0.741083 0.126851 -0.393187 -0.058969 -0.569879 0.238606 0.464893 -0.560983 -0.697156
M136+M071 0.148487 -0.386055 -0.127587 0.280024 -0.153841 -0.821477 0.156431 0.419453 0.083893 -0.342247 -0.096470 -0.169518 0.345210 0.087439 -0.601176 -0.447484
M136+M153 0.097154 -0.026812 -0.094287 0.078505 0.046694 -0.144372 -0.037597 0.064870 0.050917 -0.060669 -0.013933 -0.048507 0.033646 0.146591 -0.122985 -0.183743
M136+M195 0.059247 -0.028144 0.003160 0.032053 -0.019988 -0.043687 -0.027371 0.035653 0.013664 -0.012611 -0.008559 0.011442 0.017765 -0.031497 -0.055810 0.002364
M136+M353 0.107710 -0.072750 0.131687 0.032854 0.122967 -0.114640 0.117923 -0.059745 0.124500 -0.138683 -0.035439 -0.081101 0.056826 0.006243 -0.100277 0.052210
M136+M387 0.009859 0.002597 -0.006946 0.036183 -0.019498 0.055098 0.005321 0.033859 -0.005941 0.013527 -0.000351 0.019183 0.001008 -0.035119 -0.015168 0.017829
M153+M029 0.017656 0.019522 0.016852 -0.021608 -0.000309 0.000908 0.005962 -0.006421 -0.031058 0.048149 -0.006643 0.036946 0.010582 -0.000704 -0.012184 0.009237
M153+M075+M153 0.174859 0.066356 0.163098 0.131544 0.459496 -0.051910 0.078639 0.028961 0.214279 -0.232556 -0.026974 -0.091358 0.170084 -0.009919 -0.058108 -0.047255
M153+M320+M153 0.029389 -0.000636 0.039834 -0.158063 -0.090043 -0.034370 -0.105795 0.303740 0.107583 -0.171019 -0.171133 0.066659 0.027278 -0.061711 -0.241151 -0.010623
M157+M029 0.027856 -0.136244 0.018975 0.081636 -0.265215 0.099527 -0.059798 0.448548 -0.135390 -0.201820 -0.121416 0.044330 0.258486 -0.209749 -0.200701 -0.111323
M157+M057 0.826562 0.975905 0.827549 0.089009 2.044344 -0.177997 0.895026 0.151057 0.791003 -0.473022 -0.365698 0.340765 1.445181 -0.292300 -0.269208 0.798849
M157+M059 -0.028307 0.038568 -0.027731 0.046519 0.032051 -0.033226 -0.009497 -0.003685 0.041933 -0.021432 0.012114 -0.044448 -0.048717 0.020885 0.044092 -0.026952
M157+M066 0.007351 0.036232 0.008195 -0.008825 -0.010559 0.013970 0.002351 0.001405 0.031033 0.038593 0.043406 -0.026198 0.017750 -0.038101 0.009294 -0.015755
M157+M080 0.425253 -0.311211 0.272754 0.172260 -0.113219 -0.773418 0.057372 0.712857 0.460890 -0.738416 -0.558688 -0.087829 0.598308 0.188917 -0.960091 0.077434
M157+M340 0.231122 -0.112351 0.172946 -0.027824 -0.035526 -0.333913 0.402506 -0.068912 0.276805 -0.179837 -0.266814 -0.103790 0.310778 -0.024069 -0.292615 0.178345
M157+M342 0.063237 -0.031855 0.043261 -0.004805 0.251611 -0.425665 0.086199 -0.076838 0.154588 -0.118925 0.028552 -0.195145 -0.083831 0.180552 -0.111714 -0.135997
M157+M348 -0.024908 -0.070327 -0.135230 0.054376 0.167160 -0.204325 0.036347 0.045992 -0.053991 -0.163131 0.032805 -0.157883 -0.114124 0.065730 -0.127853 -0.241722
M157+M377+M377 0.051030 -0.380944 0.417253 -0.428081 0.598569 -0.706937 0.369971 -0.015031 0.271629 -0.465167 -0.432046 -0.442219 -0.340596 -0.238116 -0.423412 -0.118822
M167+M131 0.427359 -0.222063 1.539108 0.113420 0.484281 -0.449451 0.475102 -0.510709 0.534923 -0.855458 -0.146951 -0.311684 0.570338 -0.085385 -0.368726 0.119087
M175+M157 0.077305 0.077106 0.033905 0.123826 -0.120085 -0.081986 -0.022778 0.022328 0.120280 -0.015643 -0.011974 0.062034 0.136875 0.127085 -0.143352 0.127763
M175+M325 0.021831 -0.002399 -0.003271 0.012707 0.047124 0.032299 -0.032651 -0.016735 -0.031671 -0.004675 -0.004261 0.003477 0.034040 -0.024941 0.011565 0.055832
M175+M376 0.005391 0.053154 -0.009156 -0.014543 -0.015737 -0.028727 -0.008083 0.037197 0.050001 -0.019027 0.035801 0.000975 -0.006709 0.038535 0.022806 -0.009108
M175+M377+M377 -0.132358 -0.161761 0.075157 -0.126082 -0.196212 0.044457 -0.013537 0.237740 -0.212004 0.022421 -0.135392 0.040920 -0.079322 -0.212319 0.176128 -0.083238
M175+M380 -0.115176 -0.114082 -0.021188 -0.048777 -0.126487 -0.118903 0.219506 0.191809 -0.250266 -0.191462 0.170708 -0.038298 0.105472 0.040768 0.089928 -0.262812
M218+M388 0.042102 0.078229 0.303691 0.018458 -0.059836 0.260807 -0.006299 -0.100151 0.021640 0.039081 -0.032313 0.134463 0.026551 -0.128804 0.127785 0.132363
M228+M288 0.090956 -0.045443 0.034695 0.070353 -0.239249 -0.107105 0.063901 0.059214 0.009693 -0.144141 0.061421 -0.142352 0.167284 0.186230 -0.051800 -0.231440
M260+1(N14) 0.035093 -0.007698 0.021253 -0.011667 0.003619 0.041886 0.025967 0.035676 -0.004366 0.052505 0.023018 -0.009549 0.064653 0.042169 -0.038805 0.047313
M260+M265 0.098565 -0.176923 0.245305 0.079889 -0.261171 -0.167565 0.148376 -0.158139 0.359305 -0.202630 -0.044224 -0.072383 0.049988 0.055520 -0.379073 0.191218
M278+M124 -0.022660 0.044226 0.020195 -0.041376 -0.026707 0.018394 -0.004597 0.038253 -0.021544 0.048486 0.018917 0.046330 0.004506 -0.082480 -0.004123 0.062895
M288+1(N39B) 0.620565 0.532243 0.839880 0.195033 1.203303 0.100107 0.682403 0.432791 0.502050 -0.324836 -0.396673 0.363901 1.722959 -0.506509 0.260182 0.784395
M288+M376 0.516134 -0.284890 2.038801 -0.155037 0.293672 -0.225408 0.723324 -0.696944 0.837654 -0.854991 -0.843424 -0.261143 0.564010 -0.731257 0.062695 0.531381
M291+UNK -0.012310 0.014278 0.007470 0.018919 -0.004054 -0.061315 -0.013100 -0.022198 -0.014201 -0.007628 0.031841 -0.001109 0.040710 0.013464 -0.046377 0.013595
M297+M388 0.018626 -0.022497 0.010802 -0.008317 0.041863 -0.013539 -0.001313 -0.020842 0.026377 -0.015674 0.032332 0.008148 0.004278 0.014004 -0.016149 0.015760
M304+M041 0.142470 -0.314912 0.533914 -0.111716 -0.026920 -0.708545 0.516465 -0.028635 0.470061 -0.743539 0.117064 -0.259880 0.250883 0.042647 -0.575702 0.283472
M304+M304 0.131308 -0.055190 0.289176 0.057659 -0.061249 -0.224806 0.280904 -0.101901 0.218410 -0.326167 -0.038980 -0.069574 0.122579 0.017053 -0.282792 0.119957
M305+M029 -0.050526 0.000364 0.007220 -0.007292 -0.034575 0.020119 0.010204 0.000992 0.003949 0.039622 -0.005052 -0.000796 0.048530 -0.003843 -0.019007 0.026770
M305+M041 0.019017 -0.016310 -0.048983 -0.008113 0.034563 -0.020476 -0.032218 0.033388 0.002038 -0.038771 -0.005297 0.028909 -0.031668 -0.012537 -0.021617 -0.031304
M305+M075 0.065213 -0.020723 0.152156 0.092966 0.121112 -0.089999 0.121328 -0.047684 0.096835 -0.162638 0.024392 -0.058439 0.047871 -0.003841 -0.151519 0.051007
M305+M153 0.214411 -0.138866 0.250460 0.058310 -0.110982 -0.423168 0.336593 -0.068548 0.362066 -0.244936 -0.045180 -0.241455 0.307961 0.062168 -0.305304 0.033321
M305+M157 0.209703 -0.247662 0.330688 -0.037704 -0.260922 -0.320483 0.334590 -0.042427 0.165645 -0.255882 -0.024201 -0.196436 0.153510 0.009741 -0.120759 0.088360
M305+M180 0.059391 -0.075802 0.193942 -0.084305 -0.130175 -0.417952 0.180777 -0.241060 0.108543 -0.107002 0.102326 -0.173381 -0.039444 0.154607 -0.009420 -0.089370
M305+M332 0.441688 0.043701 0.380090 0.167957 0.430624 -0.300317 0.451081 -0.089177 0.588432 -0.417283 -0.193072 -0.059588 0.543206 -0.089199 -0.460263 0.278934
M305+M340 0.223439 -0.162776 -1.129635 0.251399 0.385845 -0.490222 0.084698 0.745695 0.268575 -0.390203 -0.114420 -0.117581 0.634625 0.282188 -1.237646 -0.213065
M305+M387 0.524455 0.180441 0.833853 -0.157563 0.439706 -0.820756 0.849893 -0.420231 0.460076 -1.103459 0.605038 -0.292885 0.670022 0.398168 -0.953348 0.201970
M317+M260 0.292846 -0.192813 0.268355 -0.165930 0.873410 -0.999517 0.439095 0.147486 0.790927 -0.876851 -0.911828 -0.448130 0.509382 -0.094556 -0.432639 -0.119810
M317+M269 0.601465 0.957468 0.948934 0.090987 2.140797 -0.215628 1.007329 -0.342225 0.830979 -0.384950 -0.309023 0.362557 1.546306 -0.330814 0.230588 0.941024
M325+M044 0.495507 0.112673 1.373699 0.509711 0.945984 0.092139 0.313006 -0.736382 0.625162 -0.821751 -0.246408 -0.251079 0.311092 0.015616 0.195896 0.398100
M327+M044 0.000234 -0.179871 0.020602 0.012275 -0.234346 0.109940 -0.084885 0.468656 -0.170336 -0.185660 -0.191006 0.025393 0.229346 -0.171046 -0.198181 -0.126135
M327+M057 0.173950 0.053745 0.038867 0.155016 -0.063384 -0.214979 -0.002361 0.421008 0.235628 -0.442398 -0.023325 0.041489 0.267509 0.177578 -0.606756 0.098482
M327+M074 -0.013332 -0.002697 0.008473 -0.001980 0.094282 0.009224 -0.031915 -0.014404 0.013721 0.025706 0.002858 0.038556 -0.003202 0.004936 -0.017404 0.047296
M327+M320 0.006839 -0.004682 -0.009913 -0.033444 -0.015119 -0.030152 0.027421 0.042101 -0.057727 0.013581 -0.012982 -0.007889 -0.032633 -0.003943 -0.004169 -0.005222
M327+M324 0.051385 0.030272 -0.009230 -0.043082 0.030185 0.006519 0.055967 0.019964 -0.037075 0.011335 -0.046005 -0.026323 -0.040330 0.015597 -0.019484 -0.045012
M327+M348 0.440331 0.007872 1.057985 0.057584 0.454525 -1.005097 0.743552 -0.688569 1.245658 -0.831539 0.026128 -0.317045 0.680314 0.117496 0.026242 0.346712
M327+M367 -0.009672 -0.055429 0.057884 -0.022731 0.041372 -0.028199 -0.001462 -0.026733 0.055716 -0.088339 -0.007678 -0.001518 -0.033732 0.004669 -0.002677 -0.034855
M343+1(N30C) 0.275912 -0.238635 0.536692 0.099369 -0.108101 -0.642391 0.619130 -0.488293 0.558267 -0.803490 0.035043 -0.465480 -0.041783 0.344465 -0.585626 -0.104489
M343+M354 -0.241878 -0.051260 0.474440 -1.178492 0.484851 -0.917213 1.276454 -0.159308 0.182795 -0.969155 0.680407 -0.307785 -0.392365 -0.437369 -1.788073 1.396181
M347+M038 0.576250 0.457715 0.627214 -0.113847 1.541283 -1.233423 0.620161 -0.470461 0.797754 -1.247248 0.210069 -0.346799 1.023334 0.809040 -0.780669 -0.852736
M347+UNK 0.316124 -0.263852 0.080968 0.393733 1.195171 -0.460352 0.868046 -0.032228 0.268926 -0.755138 -0.124419 -0.480262 0.311034 -0.211540 -0.581053 -0.253862
M348+M346 0.010869 0.007511 -0.005241 0.030087 -0.019752 -0.022093 0.032306 0.021216 0.033245 -0.000869 0.034902 0.031471 -0.017699 -0.005689 0.002804 -0.007522
M348+UNK 0.560417 -0.277376 0.786596 0.913596 0.910681 -0.882378 0.961121 0.167470 0.859028 -1.610443 -0.163799 -0.601534 0.862566 0.208222 -0.656868 -0.657358
M351+M380 0.002971 -0.038697 0.024684 0.036927 -0.031246 0.000412 -0.004313 0.006132 -0.002677 0.003172 -0.015225 -0.060821 -0.096485 -0.010643 -0.017001 -0.008350
M362+M005 0.208758 -0.234057 0.153961 0.080743 0.262408 -0.198777 0.205467 0.171886 0.315961 -0.310724 0.023503 -0.138547 0.010170 -0.001051 -0.568395 0.136252
M362+M041 0.148148 -0.143778 0.049953 0.049217 0.177530 -0.135519 0.110180 0.045480 0.181258 -0.201875 -0.041403 -0.034863 -0.014881 -0.003937 -0.339524 0.000943
M362+M207 0.020370 -0.213487 -0.186528 0.166053 0.243449 -0.199348 -0.031730 0.177843 0.128859 -0.377700 -0.121015 -0.215366 -0.212527 0.168567 -0.551808 -0.197140
M362+M247 0.103745 -0.013045 0.187491 0.036591 0.134111 -0.104656 0.076555 -0.022111 0.113235 -0.151820 -0.030544 -0.035954 0.105557 -0.004672 -0.110850 0.017634
M362+M365 0.058407 -0.045254 0.307875 -0.128420 -0.146052 -0.263813 0.257272 -0.497377 0.264399 -0.268257 -0.113686 -0.177240 0.003898 0.121117 -0.307747 0.193757
M362+M367 -0.001983 0.007247 -0.001004 0.040584 0.008446 -0.010810 -0.001617 -0.005170 -0.020143 -0.019931 0.001729 0.050081 0.010926 0.013943 0.008010 -0.034972
M362+M600 0.018388 0.012079 -0.021589 0.046457 0.017630 -0.016025 0.052671 0.008991 -0.003411 0.019593 0.010708 0.010714 0.012725 0.015404 0.003364 -0.053571
M370+M046 0.015959 0.013094 -0.021392 0.009185 -0.013627 -0.052463 -0.019668 0.038155 0.020542 -0.032367 -0.014214 -0.013669 0.004346 -0.034990 -0.008966 -0.051273
M370+M373+M370 0.058965 0.028450 0.012267 0.037597 0.056764 -0.035921 0.007347 -0.015438 0.075500 -0.026108 -0.007620 -0.002603 0.011745 0.003200 -0.068609 0.030393
M377+M377+M377 0.017693 -0.000340 0.000845 -0.014344 0.033304 0.003595 0.031669 -0.041451 -0.002958 0.033143 -0.025296 0.004525 0.046524 0.040184 -0.011487 0.015660
M377+M383+M377 -0.617752 0.345851 0.187035 0.629718 0.872896 1.413218 -1.049159 0.499345 0.225775 -1.453377 0.668240 0.405704 -0.127753 0.521911 -1.087623 0.016223
M377+UNK+M377 -0.033796 0.010742 -0.028946 -0.002127 0.031791 -0.031903 -0.031485 0.006495 -0.027379 0.015040 -0.015820 0.023634 0.030700 -0.048284 0.041326 -0.036661
M386+M111 -0.014131 -0.043965 -0.033092 -0.005457 -0.057288 -0.018740 0.011212 -0.010529 -0.001125 -0.016968 0.023747 -0.016744 0.025610 -0.009589 0.015371 -0.030133
M387+M340+M387 0.009397 0.005453 -0.010027 0.040412 -0.050552 -0.037405 -0.007049 -0.003873 -0.013771 -0.038849 0.010344 0.027555 -0.013010 0.035857 0.014811 0.000240
M387+M387 0.009550 0.001432 0.040898 0.017254 -0.006819 -0.019330 0.002737 0.014045 0.025990 -0.034343 0.002367 -0.024986 0.001819 0.024243 0.046910 0.007272
UNK+M131 0.048398 -0.055214 0.036334 -0.018663 -0.038465 -0.004280 -0.011851 0.010151 0.016570 -0.021082 -0.004944 -0.005528 -0.005299 0.012679 -0.059215 0.033132
UNK+M383+UNK 0.032210 0.023267 0.022095 0.034947 0.037311 -0.014415 0.000604 0.039678 0.023099 0.002423 0.001422 0.007509 0.009695 0.015638 0.032331 0.028914
UNK+UNK -0.012397 0.044261 0.017989 -0.033473 0.007451 -0.053916 -0.005059 0.006498 0.013990 -0.038905 0.007026 -0.033555 -0.008819 -0.014048 -0.001344 0.014447
<unk> 0.117807 -0.038292 0.228927 0.046094 0.210032 -0.202989 0.195227 -0.003637 0.196253 -0.310773 -0.058842 -0.098653 0.180803 0.011940 -0.189740 0.019493
